name,token_id
6475,0
6478,1
7066,10
3251,100
3314,101
3354,102
339,103
3417,104
3450,105
3554,106
3625,107
3656,108
3667,109
7079,11
3676,110
368,111
3795,112
3869,113
3901,114
3903,115
396,116
3973,117
3987,118
4025,119
7126,12
4080,120
4089,121
4108,122
4143,123
4172,124
4188,125
421,126
422,127
4241,128
4371,129
7397,13
4461,130
4588,131
4707,132
4729,133
4734,134
4782,135
4796,136
4827,137
4871,138
4952,139
7539,14
5035,140
5063,141
5066,142
5080,143
5178,144
5187,145
5211,146
8741,8804
5256,147
5299,148
5328,149
7582,15
5337,150
5393,151
5445,152
5479,153
5507,154
5550,155
5572,156
5588,157
5659,158
5671,159
7686,16
5681,160
5702,161
5825,162
5854,163
1496,8848
6014,164
6086,165
6105,166
6109,167
6168,168
6198,169
7742,17
6210,170
6220,171
6279,172
6382,173
6395,174
6404,175
643,176
6459,177
818,178
8219,179
7746,18
827,180
8278,181
8290,182
835,183
8381,184
8417,185
8419,186
8475,187
8533,188
8539,189
7825,19
8559,190
8615,191
8621,192
8814,193
8842,194
891,195
917,196
984,197
1036,198
1116,199
6525,2
7870,20
1136,200
1175,201
1222,202
1328,203
1332,204
1365,205
1373,206
1391,207
1428,208
1560,209
789,21
158,210
1590,211
1598,212
1618,213
1656,214
1669,215
173,216
1770,217
1780,218
1846,219
8,22
189,220
1928,221
1952,222
1991,223
2117,224
2125,225
2224,226
2227,227
2239,228
227,229
8023,23
2286,230
229,231
2350,232
2402,233
242,234
2456,235
2480,236
2491,237
2593,238
2594,239
8039,24
2657,240
2660,241
2708,242
2719,243
2849,244
2859,245
2861,246
2873,247
291,248
3120,249
8120,25
313,250
3210,251
3343,252
349,253
1526,8853
3561,254
3574,255
3605,256
3659,257
3723,258
3740,259
8149,26
377,260
3837,261
3919,262
3931,263
3974,264
4008,265
4017,266
4052,267
4055,268
4100,269
8161,27
4254,270
4327,271
4395,272
4426,273
4442,274
4448,275
4454,276
4468,277
452,278
453,279
8220,28
4543,280
4546,281
1556,8858
4733,282
4949,283
4959,284
1559,8859
505,285
508,286
5093,287
8764,8809
5144,288
5201,289
8247,29
5308,290
5338,291
5339,292
5415,293
5453,294
547,295
5546,296
5639,297
5644,298
5649,299
6546,3
8255,30
8302,31
8311,32
8329,33
8337,34
8354,35
8358,36
8362,37
8391,38
8442,39
6676,4
8492,40
8517,41
8538,42
8661,43
8676,44
8797,45
882,46
908,47
931,48
944,49
6761,5
1005,50
1070,51
1084,52
1111,53
1131,54
1154,55
1225,56
1285,57
1363,58
1404,59
6778,6
1497,60
1520,61
1664,62
1730,63
1788,64
1795,65
1863,66
1904,67
1918,68
1970,69
6886,7
1986,70
2175,71
2197,72
2200,73
2253,74
2268,75
2280,76
2315,77
2347,78
2359,79
695,8
2434,80
2448,81
247,82
2494,83
2534,84
2601,85
2699,86
2701,87
2715,88
2770,89
6994,9
2797,90
2907,91
2919,92
3089,93
3105,94
3112,95
3143,96
316,97
3166,98
3208,99
5665,300
569,301
5839,302
593,303
5943,304
5956,305
5962,306
606,307
6060,308
6064,309
6108,310
6183,311
6260,312
6267,313
6274,314
6298,315
6377,316
6429,317
6448,318
6452,319
6454,320
6533,321
6599,322
6813,323
6868,324
6918,325
7014,326
7030,327
7072,328
7089,329
7118,330
7178,331
7187,332
7198,333
7238,334
7306,335
7389,336
7403,337
7425,338
7495,339
7507,340
7529,341
7626,342
7631,343
7719,344
7832,345
7849,346
787,347
7905,348
7928,349
7930,350
6410,8778
7973,351
8003,352
8022,353
1584,8864
8042,354
8100,355
2374,356
2429,357
2439,358
2465,359
2584,360
2596,361
2625,362
2630,363
2704,364
2706,365
2747,366
277,367
2775,368
2874,369
288,370
2880,371
8775,8810
2883,372
2898,373
294,374
2952,375
3131,376
3253,377
3275,378
6424,8779
3390,379
3435,380
3438,381
3449,382
3463,383
3471,384
3487,385
3517,386
3528,387
3571,388
3575,389
3591,390
3640,391
3691,392
3695,393
3749,394
3842,395
3853,396
3870,397
395,398
3961,399
4011,400
4014,401
4053,402
4077,403
4138,404
4158,405
4217,406
4223,407
426,408
4291,409
4324,410
4413,411
4428,412
4466,413
4491,414
4503,415
461,416
464,417
4662,418
4739,419
4769,420
6425,8780
4850,421
4852,422
4937,423
4964,424
5052,425
5058,426
5098,427
5142,428
5157,429
5165,430
5369,431
5443,432
5466,433
5561,434
5610,435
5651,436
5712,437
573,438
5768,439
580,440
581,441
5818,442
583,443
5840,444
5915,445
594,446
5949,447
6029,448
6098,449
6111,450
6166,451
6253,452
6285,453
6299,454
6426,8781
6311,455
6365,456
6417,457
6458,458
6544,459
6657,460
6663,461
6701,463
6710,464
6718,465
675,466
6829,467
6860,468
6999,469
7094,470
7252,471
7273,472
7371,473
7404,474
7527,475
7645,476
7823,477
7955,478
7993,479
7999,480
8159,481
8191,482
8242,483
8294,484
8313,485
8315,486
1603,8869
832,487
8348,488
8383,489
8394,490
8405,491
8430,492
8436,493
8448,494
8452,495
8494,496
8675,497
8702,498
8799,499
8805,500
8827,501
910,502
962,503
1004,504
102,505
1028,506
1077,507
1139,508
1226,509
1286,510
1443,511
1542,512
1577,513
1602,514
164,515
1641,516
1685,517
1773,518
1831,519
1872,520
1617,8874
1948,521
1954,522
2059,523
2087,524
2088,525
2118,526
2122,527
2154,528
2194,529
2231,530
2236,531
2288,532
5051,533
5062,534
1672,8887
5122,535
522,536
5322,537
5361,538
5432,539
5442,540
5461,541
5519,542
5524,543
5565,544
563,545
5641,546
565,547
5674,548
1323,8811
5689,549
5695,550
5727,551
5774,552
5787,553
5813,554
5873,555
5899,556
5978,557
6004,558
6031,559
6045,560
6047,561
6089,562
6129,563
6449,8785
6150,564
619,565
622,566
1421,8828
6240,567
6249,568
6251,569
1309,8794
6255,570
6256,571
6265,572
6422,573
6491,574
6500,575
6560,576
658,577
6604,578
6627,579
6667,580
6675,581
6727,582
6747,583
6780,584
6781,585
6790,586
6810,587
6897,588
6992,589
7121,590
7146,591
7169,592
7190,593
7200,594
7282,595
7300,596
7332,597
7336,598
7382,599
7458,600
7532,601
7569,602
7671,603
7674,604
7676,605
7759,606
7781,607
7899,608
7918,609
7970,610
7983,611
8012,613
8109,614
8133,615
8163,616
8193,617
8326,618
8423,619
8465,620
8587,621
8656,622
869,623
870,624
8773,625
889,626
901,627
960,628
1042,629
1043,630
108,631
1081,632
1240,633
1351,634
1353,635
1354,636
1385,637
1415,638
1460,639
1498,640
1585,641
1646,642
1824,643
1829,644
187,645
1917,646
2006,647
2174,648
2238,649
2305,650
2308,651
2325,652
2412,653
2419,654
2558,655
2614,656
2671,657
2742,658
2788,659
2847,660
285,661
2855,662
2878,663
2998,664
3,665
3144,666
3175,667
3188,668
319,669
3222,670
3254,671
3286,672
3346,673
3358,674
3383,675
34,676
3468,677
3586,678
3608,679
3622,680
369,681
3784,682
3812,683
383,684
3836,685
3956,686
4007,687
4020,688
4104,689
4136,690
4142,691
4235,692
4257,693
4317,694
4385,695
4390,696
4414,697
4415,698
4416,699
4521,700
4523,701
4540,702
4577,703
4649,704
4696,705
4723,706
4750,707
501,708
5043,709
2793,710
2813,711
2852,712
2853,713
2862,714
2906,715
2945,716
295,717
3030,718
3050,719
3079,720
3111,721
3197,722
3265,723
3280,724
3534,725
3613,726
3632,727
3703,728
3705,729
3751,730
376,731
3763,732
3898,733
393,734
3949,735
399,736
400,737
4054,738
4087,739
4147,740
4182,741
4243,742
4285,743
4302,744
4310,745
4316,746
4365,747
4565,748
4569,749
4639,750
4650,751
4693,752
4695,753
4710,754
4751,755
482,756
4954,757
4984,758
4995,759
5025,760
5036,761
5073,762
5131,763
5227,764
5289,765
5294,766
531,767
5357,768
5390,769
5414,770
5422,771
5426,772
5439,773
5454,774
5471,775
5477,776
5604,777
5618,778
5632,779
5703,780
5738,781
5750,782
5796,783
5797,784
5814,785
5920,786
5990,787
6083,788
6124,789
6146,790
6186,791
6208,792
6230,793
6409,794
6421,795
6499,796
6517,797
6521,798
6551,799
6598,800
6643,801
6649,802
6743,803
6802,804
6837,805
6877,806
6883,807
6931,808
6987,809
7084,810
7163,811
7173,812
7222,813
7355,814
7356,815
74,816
7401,817
7419,818
7525,819
7565,820
7600,821
7723,822
7729,823
7792,824
7842,825
7858,826
7888,827
8078,828
8087,829
8092,830
810,831
8124,832
8235,833
8243,834
8282,835
8379,836
8429,837
846,838
8611,839
8638,840
8694,841
8720,842
911,847
8725,843
8825,844
8846,845
906,846
961,848
1021,849
1023,850
1044,851
1134,852
1187,853
1345,854
1386,855
1423,856
145,857
1451,858
1512,859
1514,860
1524,861
1576,862
1687,863
1741,864
1757,865
1787,866
1877,867
1879,868
1964,869
213,870
2139,871
2168,872
220,873
2295,874
23,875
2301,876
2331,877
2397,878
2407,879
2533,880
2617,881
2641,882
2685,883
2689,884
2712,885
273,886
2740,887
1683,888
1688,889
1689,890
1695,891
1696,892
1697,893
6474,894
6485,895
6488,896
6489,897
649,898
6492,899
3888,1000
657,1001
6572,1002
8810,1003
8811,1004
8815,1005
8835,1006
1760,1007
932,1008
3891,1009
390,1010
6574,1011
6588,1012
8837,1013
8838,1014
933,1015
942,1016
3900,1017
3906,1018
6589,1019
659,1020
6592,1021
6597,1022
6606,1023
6611,1024
8840,1025
8845,1026
8849,1027
885,1028
8854,1029
8857,1030
8858,1031
8859,1032
391,1033
3911,1034
1762,1035
1764,1036
8861,1037
8866,1038
945,1039
101,1096
95,1040
3916,1041
3920,1042
3927,1043
3928,1044
3934,1045
3939,1046
6612,1047
662,1048
1768,1049
177,1050
8878,1051
888,1052
8880,1053
8881,1054
8887,1055
893,1056
916,1057
934,1058
3954,1059
3971,1060
3977,1061
398,1062
954,1063
956,1064
947,1065
97,1066
964,1067
973,1068
6626,1069
6633,1070
982,1071
990,1072
991,1073
992,1074
994,1075
999,1076
1,1077
10,1078
1771,1079
1772,1080
3981,1081
3983,1082
975,1083
978,1084
3985,1085
3989,1086
3995,1087
40,1088
6638,1089
6639,1090
4003,1091
4005,1092
666,1093
6664,1094
1008,1095
6665,1097
6684,1098
1014,1099
1018,1100
1779,1101
1782,1102
1784,1103
1786,1104
98,1105
983,1106
4023,1107
4029,1108
1019,1109
1022,1110
1031,1111
1034,1112
987,1113
988,1114
1035,1115
1049,1116
1790,1117
1792,1118
6685,1119
6687,1120
4030,1121
4032,1122
6688,1123
6705,1124
6713,1125
6729,1126
6730,1127
6731,1128
6732,1129
6744,1130
6748,1131
6751,1132
4033,1133
4040,1134
1050,1135
1055,1136
4041,1137
405,1138
1793,1139
1802,1140
1803,1141
1810,1142
989,1143
995,1144
4050,1145
4056,1146
4059,1147
4061,1148
4071,1149
4076,1150
1002,1151
1006,1152
1024,1153
1025,1154
1056,1155
1057,1156
6757,1157
6758,1158
1818,1159
1826,1160
1059,1161
1061,1162
1827,1163
1835,1164
4079,1165
4082,1166
4102,1167
411,1168
1032,1169
1047,1170
1048,1171
1052,1172
1060,1173
1065,1174
4119,1175
6670,462
4120,1176
4144,1177
4149,1178
1844,1179
1849,1180
1063,1181
1067,1182
1852,1183
1856,1184
4150,1185
4159,1186
6762,1187
6764,1188
1068,1189
107,1190
1864,1191
1865,1192
1075,1193
1080,1194
1867,1195
1871,1196
1073,1197
109,1198
4170,1199
8690,900
8693,901
8696,902
8707,903
8708,904
8709,905
650,906
6503,907
8776,908
8781,909
8790,910
8796,911
880,912
8802,913
8806,914
8807,915
8809,916
881,917
8822,918
8823,919
8712,920
8723,921
6504,922
6506,923
6511,924
6512,925
6515,926
6528,927
6531,928
6537,929
654,930
6542,931
8724,932
8730,933
8731,934
8733,935
8735,936
8743,937
883,938
8833,939
8843,940
8844,941
8848,942
8850,943
8852,944
8865,945
8868,946
8870,947
8872,948
8875,949
8879,950
8886,951
890,952
892,953
90,954
904,955
909,956
912,957
914,958
919,959
8751,960
8752,961
6550,962
6558,963
876,964
8766,965
8767,966
877,967
8770,968
8771,969
17,970
170,971
3881,972
3883,973
925,974
927,975
1704,976
1705,977
1711,978
1720,979
1725,980
1726,981
8772,982
1737,983
1738,984
8782,985
8792,986
6564,987
6565,988
8798,989
8804,990
174,991
1742,992
1744,993
1754,994
1756,995
1759,996
928,997
93,998
3884,999
4174,1200
4184,1201
419,1202
4200,1203
4214,1204
1083,1205
1089,1206
6771,1207
6775,1208
6776,1209
679,1210
6792,1211
6798,1212
1876,1213
1878,1214
6801,1215
6809,1216
4226,1217
4239,1218
424,1219
4240,1220
1881,1229
1314,8795
1092,1221
1099,1222
4242,1223
4245,1224
1094,1225
1097,1226
1107,1227
1120,1228
1884,1230
11,1231
1104,1232
4250,1233
4253,1234
1108,1235
1109,1236
4260,1237
4261,1238
6814,1239
6830,1240
4268,1241
4270,1242
6840,1243
6843,1244
1888,1245
1890,1246
6846,1247
6848,1248
6851,1249
6861,1250
1891,1251
1893,1252
1126,1253
1135,1254
6862,1255
687,1256
1137,1257
1141,1258
1907,1259
1910,1260
1143,1261
1144,1262
111,1263
1113,1264
112,1265
1121,1266
1148,1267
1151,1268
1129,1269
1132,1270
1149,1271
1150,1272
1161,1273
1163,1274
6872,1275
6884,1276
6888,1277
6890,1278
6892,1279
6894,1280
1177,1281
1184,1282
192,1283
1931,1284
1193,1285
1194,1286
6911,1287
6912,1288
4276,1289
4277,1290
4278,1291
428,1292
1201,1293
1202,1294
4282,1295
4287,1296
4293,1297
430,1298
4306,1299
4308,1300
4309,1301
431,1302
4312,1303
4330,1304
1208,1305
1212,1306
1160,1307
1162,1308
1932,1309
1935,1310
122,1311
1233,1312
1234,1313
1235,1314
4333,1315
4336,1316
434,1317
4340,1318
4347,1319
4350,1320
4358,1321
4360,1322
4361,1323
4367,1324
437,1325
4380,1326
4381,1327
4382,1328
1236,1329
1243,1330
4383,1331
4394,1332
1167,1333
1171,1334
1183,1335
1195,1336
1939,1337
1946,1338
195,1339
1955,1340
1959,1341
1963,1342
6914,1343
6915,1344
4404,1345
4405,1346
6917,1347
6925,1348
1965,1349
1967,1350
2,1351
200,1352
2001,1353
2002,1354
2003,1355
2005,1356
1248,1357
1253,1358
2014,1359
2022,1360
1257,1361
1258,1362
6929,1363
6933,1364
1197,1365
120,1366
1207,1367
1209,1368
1269,1369
1274,1370
1277,1371
1282,1372
2026,1373
2028,1374
2039,1375
2042,1376
441,1377
1382,1466
4430,1378
6935,1379
6936,1380
6937,1381
6938,1382
694,1383
1288,1384
1292,1385
2051,1386
2052,1387
6940,1388
6943,1389
2055,1390
2062,1391
1215,1392
1218,1393
4431,1394
4438,1395
6951,1396
6953,1397
2064,1398
2067,1399
1293,1400
1305,1401
1221,1402
1228,1403
207,1404
2070,1405
2080,1406
2082,1407
445,1408
4452,1409
1306,1410
1311,1411
4458,1412
4467,1413
6965,1414
6970,1415
4472,1416
4473,1417
2083,1418
2084,1419
6975,1420
6976,1421
1242,1422
1245,1423
4482,1424
4486,1425
1316,1426
1319,1427
4489,1428
4490,1429
450,1430
4501,1431
1249,1432
1259,1433
4508,1434
4530,1435
4531,1436
4535,1437
1266,1438
1268,1439
4539,1440
455,1441
2089,1442
2093,1443
21,1444
2100,1445
1326,1446
1333,1447
2104,1448
2105,1449
2119,1450
2121,1451
1339,1452
135,1453
1359,1454
1361,1455
4555,1456
4557,1457
2129,1458
2131,1459
1369,1460
1375,1461
4559,1462
4561,1463
4573,1464
4579,1465
1392,1467
699,1468
6991,1469
4586,1470
4589,1471
4590,1472
4593,1473
4596,1474
4605,1475
6993,1476
7,1477
4610,1478
4614,1479
7012,1480
7018,1481
1271,1482
1273,1483
4626,1484
4636,1485
1419,1486
1425,1487
1278,1488
1287,1489
1431,1490
4641,1491
4644,1492
7021,1493
7023,1494
7028,1495
7029,1496
4655,1497
4657,1498
4667,1499
2137,1500
2148,1501
1432,1502
4869,1603
1449,1503
1461,1504
1465,1505
1470,1506
1473,1507
215,1508
2151,1509
467,1510
4673,1511
4681,1512
4685,1513
7038,1514
7040,1515
47,1516
4704,1517
7046,1518
7051,1519
7056,1520
7074,1521
1482,1522
1483,1523
7097,1524
7098,1525
2157,1526
2161,1527
4705,1528
4714,1529
1486,1530
150,1531
1502,1532
1504,1533
1509,1534
1513,1535
4716,1536
4718,1537
7103,1538
7109,1539
7110,1540
7116,1541
7120,1542
2167,1543
2169,1544
472,1545
4728,1546
7124,1547
7134,1548
217,1549
2178,1550
4732,1551
4741,1552
1289,1553
129,1554
1516,1555
1518,1556
1291,1557
4745,1558
4747,1559
7152,1560
4749,1561
475,1562
4754,1563
476,1564
7154,1565
716,1566
2183,1567
2192,1568
7164,1569
7165,1570
152,1571
1522,1572
2193,1573
2196,1574
1523,1575
1533,1576
2208,1577
221,1578
4761,1579
4768,1580
4772,1581
4779,1582
4787,1583
4794,1584
4807,1585
4817,1586
4829,1587
483,1588
4839,1589
4840,1590
4841,1591
4849,1592
4851,1593
4855,1594
2212,1595
2218,1596
4862,1597
4868,1598
7166,1599
7192,1600
2254,1602
4870,1604
1534,1605
1536,1606
2260,1607
2262,1608
7195,1609
7196,1610
4880,1611
4881,1612
1540,1613
1541,1614
2281,1615
2284,1616
72,1617
720,1618
1297,1619
1298,1620
4886,1621
4892,1622
4898,1623
49,1624
1543,1625
155,1626
2293,1627
2297,1628
1300,1629
1303,1630
7203,1631
7205,1632
1304,1633
1310,1634
4906,1635
4908,1636
4912,1637
4919,1638
4940,1639
4960,1640
1550,1641
1552,1642
7217,1643
7219,1644
1553,1645
1561,1646
1312,1647
1315,1648
1317,1649
1321,1650
1562,1651
1565,1652
4965,1653
4968,1654
4969,1655
4972,1656
2302,1657
2307,1658
4975,1659
4976,1660
1566,1661
1574,1662
159,1663
1599,1664
7225,1665
7234,1666
4978,1667
4981,1668
1335,1669
1336,1670
16,1671
1600,1672
1337,1673
134,1674
2317,1675
2318,1676
7239,1677
2323,1678
2324,1679
1607,1680
1609,1681
1616,1682
1630,1683
4983,1684
4988,1685
7246,1686
7249,1687
1340,1688
1342,1689
1633,1690
1636,1691
2332,1692
2337,1693
1650,1694
1653,1695
4992,1696
4993,1697
1343,1698
1344,1699
4996,1700
4997,1701
1658,1702
1665,1703
1668,1704
1674,1705
1675,1706
1677,1707
234,1708
2344,1709
4998,1710
5003,1711
5006,1712
5009,1713
5013,1714
5016,1715
502,1716
5020,1717
7258,1718
7262,1719
1682,1720
1684,1721
1691,1722
1692,1723
1693,1724
1706,1725
503,1726
5033,1727
1708,1728
1714,1729
1360,1730
1366,1731
7266,1732
7268,1733
7272,1734
728,1735
5048,1736
5050,1737
1717,1738
1722,1739
2348,1740
236,1741
5056,1742
5077,1743
7281,1744
7290,1745
1724,1746
1727,1747
1729,1748
1736,1749
1739,1750
1746,1751
1368,1752
1370,1753
5082,1754
5084,1755
1371,1756
1372,1757
138,1758
1381,1759
1405,1760
1409,1761
1748,1762
1749,1763
7293,1764
7295,1765
1752,1766
1761,1767
7299,1768
7303,1769
2367,1770
237,1771
5089,1772
5095,1773
5099,1774
5108,1775
5111,1776
5112,1777
1411,1778
1412,1779
1767,1780
1778,1781
7305,1782
7309,1783
5118,1784
5119,1785
5123,1786
5128,1787
1781,1788
179,1789
5133,1790
514,1791
5148,1792
5152,1793
7318,1794
7320,1795
7322,1796
7324,1797
7327,1798
7330,1799
7333,1800
7335,1801
5169,1802
5173,1803
1797,1804
1806,1805
1418,1806
1424,1807
518,1808
5183,1809
5190,1810
5193,1811
7348,1812
7357,1813
2378,1814
2379,1815
1429,1816
143,1817
1436,1818
1437,1819
52,1820
5206,1821
736,1822
737,1823
1809,1824
1811,1825
7372,1826
7373,1827
7374,1828
7378,1829
7379,1830
7380,1831
1813,1832
1814,1833
2389,1834
2392,1835
2393,1836
2394,1837
2395,1838
240,1839
5208,1840
5209,1841
1440,1842
1441,1843
2404,1844
2409,1845
5213,1846
5221,1847
7384,1848
7388,1849
7391,1850
7394,1851
2420,1852
2427,1853
7395,1854
7398,1855
5224,1856
5239,1857
7405,1858
7407,1859
1446,1860
1447,1861
2440,1862
2450,1863
1832,1864
1834,1865
2451,1866
2454,1867
5248,1868
5252,1869
7411,1870
7412,1871
7420,1872
7424,1873
1839,1874
1842,1875
1845,1876
185,1877
1456,1878
146,1879
5259,1880
5260,1881
1462,1882
1469,1883
7429,1884
7433,1885
2461,1886
2468,1887
1474,1888
1476,1889
5267,1890
5268,1891
1854,1892
1855,1893
1477,1894
1485,1895
527,1896
5276,1897
1487,1898
1491,1899
5278,1900
5279,1901
7436,1902
7437,1903
1494,1904
1501,1905
1505,1906
1874,1907
1875,1908
2474,1909
2475,1910
1507,1911
1508,1912
5297,1913
5302,1914
744,1915
7444,1916
1515,1917
1525,1918
1880,1919
1889,1920
1892,1921
1894,1922
5311,1923
5312,1924
532,1925
5321,1926
5333,1927
5344,1928
1898,1929
1902,1930
5348,1931
5351,1932
5364,1933
5374,1934
745,1935
7453,1936
538,1937
5380,1938
1903,1939
1916,1940
2476,1941
2478,1942
5385,1943
5386,1944
1527,1945
1531,1946
7459,1947
7460,1948
1926,1949
193,1950
1933,1951
1936,1952
194,1953
1941,1954
1942,1955
1950,1956
1538,1957
1539,1958
5388,1959
5389,1960
1549,1961
1554,1962
7466,1963
1426,8829
7471,1964
7478,1965
7489,1966
1957,1967
1958,1968
7494,1969
751,1970
2481,1971
2485,1972
7542,1973
7543,1974
1961,1975
1966,1976
2499,1977
2505,1978
5395,1979
5396,1980
1557,1981
1567,1982
1968,1983
197,1984
5403,1985
5405,1986
7546,1987
7549,1988
7563,1989
7580,1990
1971,1991
1983,1992
7585,1993
7587,1994
7596,1995
7599,1996
5407,1997
541,1998
7601,1999
7603,2000
5410,2001
5412,2002
1992,2003
1993,2004
5425,2005
5436,2006
1568,2007
1570,2008
2000,2009
2004,2010
2508,2011
2510,2012
1579,2013
1581,2014
1582,2015
1592,2016
7606,2017
7610,2018
5448,2019
5451,2020
5456,2021
5462,2022
2516,2023
2518,2024
1594,2025
1595,2026
7612,2027
7618,2028
2007,2029
2009,2030
2520,2031
2528,2032
2530,2033
2539,2034
201,2035
2011,2036
1611,2037
1614,2038
2546,2039
2549,2040
2012,2041
2013,2042
2020,2043
2037,2044
5468,2045
5474,2046
5478,2047
5481,2048
5483,2049
5487,2050
2554,2051
256,2052
5490,2053
5491,2054
204,2055
2041,2056
5492,2057
5494,2058
5498,2059
5499,2060
1621,2061
1622,2062
1632,2063
1635,2064
1642,2065
1645,2066
1648,2067
1649,2068
2054,2069
2060,2070
5501,2071
5505,2072
2065,2073
2066,2074
2562,2075
2565,2076
2566,2077
2570,2078
2071,2079
2075,2080
2078,2081
208,2082
2081,2083
2086,2084
2571,2085
2572,2086
1652,2087
1661,2088
2091,2089
2102,2090
7628,2091
7630,2092
2573,2093
258,2094
2106,2095
2110,2096
2116,2097
2123,2098
7638,2099
5537,2119
561,2180
7639,2100
1673,2101
1676,2102
1679,2103
1681,2104
169,2105
1700,2106
5511,2107
5517,2108
764,2109
7640,2110
214,2111
2141,2112
7652,2113
1703,2114
1710,2115
5523,2116
5525,2117
5535,2118
5539,2120
5542,2121
2146,2122
2155,2123
2173,2124
2176,2125
2581,2126
2583,2127
1721,2128
2177,2129
2180,2130
1734,2131
1740,2132
1747,2133
2599,2134
2602,2135
7656,2136
7660,2137
7667,2138
7669,2139
7670,2140
7680,2141
7681,2142
7682,2143
2186,2144
219,2145
2605,2146
2608,2147
5559,2148
556,2149
7690,2150
7692,2151
5567,2152
5568,2153
7698,2154
7708,2155
2195,2156
2206,2157
5571,2158
5573,2159
2207,2160
2209,2161
7711,2162
7716,2163
2610,2164
2611,2165
2211,2166
2217,2167
5575,2168
5578,2169
2623,2170
2628,2171
5598,2172
5599,2173
7721,2174
7736,2175
1750,2176
1766,2177
1776,2178
1777,2179
5614,2181
2225,2182
2230,2183
18,2184
1800,2185
7737,2186
774,2187
1801,2188
1804,2189
2633,2190
2634,2191
224,2192
2241,2193
5619,2194
5621,2195
2251,2196
2263,2197
2266,2198
2274,2199
2279,2200
2290,2201
1808,2202
1812,2203
7743,2204
7745,2205
2292,2206
2294,2207
7749,2208
775,2209
5623,2210
5624,2211
5630,2212
5655,2213
7751,2214
7753,2215
2637,2216
2640,2217
2303,2218
2312,2219
5656,2220
5664,2221
5666,2222
567,2223
5677,2224
5680,2225
5683,2226
5692,2227
5694,2228
5710,2229
2313,2230
2319,2231
7765,2232
7770,2233
182,2234
1820,2235
7773,2236
7774,2237
5711,2238
5714,2239
7777,2240
7783,2241
779,2242
7791,2243
7793,2244
7799,2245
5729,2246
5731,2247
5733,2248
5751,2249
2642,2250
2643,2251
5752,2252
5757,2253
2328,2254
2329,2255
2334,2256
2340,2257
2345,2258
2351,2259
2353,2260
2355,2261
5758,2262
5773,2263
2361,2264
2366,2265
5775,2266
5782,2267
2368,2268
2372,2269
1823,2270
183,2271
2373,2272
2380,2273
27,2366
2381,2274
2382,2275
2385,2276
239,2277
2390,2278
2391,2279
2645,2280
2647,2281
5783,2282
5789,2283
5790,2284
5793,2285
2649,2286
2650,2287
2398,2288
2411,2289
2418,2290
2422,2291
5795,2292
5798,2293
7809,2294
781,2295
2651,2296
2652,2297
1833,2298
1836,2299
2444,2300
2445,2301
7817,2302
7819,2303
5799,2304
58,2305
2452,2306
2453,2307
5810,2308
5815,2309
2457,2310
2459,2311
782,2312
7820,2313
1840,2314
1843,2315
5816,2316
5820,2317
266,2318
2661,2319
1847,2320
1861,2321
246,2322
2460,2323
2662,2324
2663,2325
7822,2326
7831,2327
2463,2328
2670,2329
2678,2330
248,2331
2484,2332
5824,2333
1862,2334
1866,2335
1868,2336
1885,2337
7833,2338
784,2339
2490,2340
2493,2341
7844,2342
7848,2343
2497,2344
2502,2345
1886,2346
1895,2347
5827,2348
5830,2349
7853,2350
7867,2351
2680,2352
19,2353
1900,2354
5834,2355
5836,2356
2681,2357
2682,2358
7869,2359
7890,2360
1909,2361
1911,2362
2515,2363
2529,2364
2696,2365
5838,2367
5841,2368
5842,2369
5849,2370
585,2371
5855,2372
1915,2373
1923,2374
2709,2375
2718,2376
7893,2377
7894,2378
5857,2379
586,2380
2721,2381
2722,2382
1929,2383
1938,2384
1956,2385
196,2386
253,2387
2535,2388
5863,2389
5870,2390
7901,2391
7907,2392
2542,2393
255,2394
2555,2395
2560,2396
5871,2397
5874,2398
2724,2399
2725,2400
2730,2401
2736,2402
2567,2403
2576,2404
1969,2405
1973,2406
5876,2407
588,2408
2577,2409
2578,2410
274,2411
275,2412
2579,2413
2585,2414
7914,2415
7915,2416
5883,2417
5885,2418
2588,2419
2595,2420
1974,2421
1976,2422
5887,2423
5890,2424
7916,2425
7933,2426
5891,2427
5895,2428
2750,2429
2774,2430
2598,2431
260,2432
2604,2433
2609,2434
5901,2435
5902,2436
7938,2437
7939,2438
1978,2439
1989,2440
199,2441
794,2442
7943,2443
2612,2444
2616,2445
2621,2446
2629,2447
1990,2448
1998,2449
5905,2450
5907,2451
280,2452
2800,2453
2811,2454
2812,2455
5912,2456
5919,2457
5921,2458
5926,2459
2816,2460
2818,2461
5927,2462
5934,2463
2631,2464
2655,2465
20,2466
2825,2468
2831,2469
7944,2470
7946,2471
2656,2472
2664,2473
2834,2474
2835,2475
2018,2476
2021,2477
2666,2478
2667,2479
2838,2480
2842,2481
7949,2482
7959,2483
2683,2484
2684,2485
2690,2486
2707,2487
2711,2488
2723,2489
2741,2490
2744,2491
2843,2492
2844,2493
7972,2494
7975,2495
7976,2496
7995,2497
5935,2498
5936,2499
2746,2500
2749,2501
2754,2502
276,2503
2760,2504
2762,2505
2766,2506
2767,2507
2769,2508
2771,2509
2777,2510
2779,2511
278,2512
279,2513
5938,2514
5944,2515
5946,2516
2850,2517
2856,2518
2857,2519
2860,2520
8001,2521
8013,2522
8025,2523
8028,2524
2863,2525
2870,2526
2872,2527
2876,2528
2877,2529
289,2530
8032,2531
8037,2532
804,2533
8047,2534
5947,2535
5958,2536
2023,2537
2035,2538
5959,2539
5960,2540
8049,2541
8055,2542
5966,2543
5969,2544
2891,2545
2892,2546
2792,2547
2802,2548
5972,2549
5981,2550
8062,2551
8064,2552
2895,2553
29,2554
2803,2555
2805,2556
8086,2557
8091,2558
5982,2559
5986,2560
290,2561
2910,2562
5987,2563
2808,2564
2810,2565
5992,2566
5993,2567
8104,2568
8105,2569
8107,2570
8113,2571
812,2572
8127,2573
2917,2574
2925,2575
2045,2576
2057,2577
5998,2578
2814,2579
2823,2580
6,2581
6016,2582
8128,2583
8130,2584
2828,2585
2832,2586
2058,2587
2069,2588
8132,2589
8139,2590
8151,2591
8153,2592
8162,2593
8166,2594
2074,2595
2077,2596
6018,2597
6028,2598
6035,2599
6037,2600
6049,2601
6058,2602
2836,2603
2845,2604
8171,2605
8173,2606
8176,2607
8178,2608
8180,2609
8190,2610
8197,2611
820,2612
2090,2613
2094,2614
2097,2615
2098,2616
2099,2617
2101,2618
2932,2619
2933,2620
2937,2621
2944,2622
8201,2623
8202,2624
6066,2625
6069,2626
8209,2627
821,2628
2848,2629
2865,2630
2879,2631
2886,2632
6073,2633
6075,2634
2889,2635
2908,2636
2951,2637
2955,2638
2972,2639
2973,2640
2979,2641
2988,2642
2103,2643
2108,2644
299,2645
2999,2646
30,2647
3002,2648
6079,2649
6091,2650
3003,2651
3004,2652
6094,2653
6096,2654
2916,2655
2920,2656
301,2657
3010,2658
6097,2659
610,2660
3012,2661
3016,2662
8211,2663
8213,2664
3019,2665
3021,2666
2109,2667
2112,2668
2115,2669
2124,2670
822,2671
8227,2672
2922,2673
2923,2674
823,2675
8232,2676
6101,2677
6103,2678
6110,2679
6115,2680
2126,2681
2132,2682
8233,2683
8236,2684
2927,2685
2928,2686
6119,2687
612,2688
2930,2689
2950,2690
8238,2691
8241,2692
613,2693
6139,2694
2953,2695
2957,2696
8249,2697
8256,2698
2960,2699
2962,2700
2133,2701
2142,2702
6145,2703
6152,2704
2143,2705
2150,2706
2152,2707
216,2708
2964,2709
2965,2710
6156,2711
6161,2712
2968,2713
2971,2714
2975,2715
2976,2716
6175,2717
6187,2718
6188,2719
6191,2720
2162,2721
2179,2722
3026,2723
6203,2732
3035,2724
3043,2725
3044,2726
6196,2727
6200,2728
2977,2729
2985,2730
6202,2731
8258,2733
8265,2734
8273,2735
8274,2736
8276,2737
8279,2738
2986,2739
2991,2740
8280,2741
8289,2742
831,2743
8312,2744
8318,2745
8323,2746
8327,2747
8328,2748
8331,2749
8332,2750
6224,2751
6226,2752
6233,2753
6234,2754
2992,2755
2997,2756
6235,2757
6239,2758
2182,2759
2185,2760
3047,2761
3056,2762
624,2763
3058,2764
3065,2765
3018,2766
3022,2767
3028,2768
3033,2769
3039,2770
6242,2771
6244,2772
3071,2773
3075,2774
6246,2775
6262,2776
3083,2777
3086,2778
6264,2779
6271,2780
6275,2781
6278,2782
3041,2783
305,2784
3053,2785
3063,2786
3088,2787
3091,2788
3064,2789
3069,2790
6281,2791
6286,2792
834,2793
8340,2794
6295,2795
63,2796
6302,2797
6303,2798
307,2799
3072,2800
3076,2801
3085,2802
6308,2803
6309,2804
6310,2805
6314,2806
8344,2807
8352,2808
2189,2809
2190,2810
6319,2811
6320,2812
2199,2813
2213,2814
3095,2815
3096,2816
3097,2817
3103,2818
8361,2819
8366,2820
3093,2821
310,2822
6321,2823
6322,2824
8367,2825
8372,2826
3104,2827
3107,2828
3123,2829
3125,2830
6323,2831
6324,2832
8373,2833
8378,2834
2215,2835
2216,2836
3101,2837
3102,2838
3114,2839
3118,2840
3134,2841
3138,2842
8390,2843
8396,2844
314,2845
3146,2846
2221,2847
2223,2848
633,2849
3148,2850
3154,2851
634,2852
6342,2853
3157,2854
3167,2855
3184,2856
3185,2857
3186,2858
3193,2859
8398,2860
8399,2861
3119,2862
3122,2863
32,2864
3203,2865
3206,2866
3214,2867
3232,2868
3233,2869
3234,2870
3236,2871
6352,2872
6372,2873
3240,2874
325,2875
2228,2876
2233,2877
2237,2878
2240,2879
3255,2880
3256,2881
8403,2882
8414,2883
3258,2884
3267,2885
8416,2886
8422,2887
6378,2888
6384,2889
3126,2890
3128,2891
8425,2892
8426,2893
3269,2894
327,2895
3170,2896
3174,2897
8439,2898
8450,2899
6391,2900
6394,2901
8456,2902
8461,2903
6403,2904
6408,2905
6411,2906
6419,2907
8469,2908
8472,2909
8473,2910
8474,2911
6423,2912
6428,2913
3176,2914
318,2915
3189,2916
3195,2917
6430,2918
6437,2919
1427,8830
8479,2920
8483,2921
8498,2922
8500,2923
6447,2924
6451,2925
8501,2926
8507,2927
3201,2928
3209,2929
2243,2930
2248,2931
6456,2932
6460,2933
6462,2934
2258,2935
226,2936
851,2937
8519,2938
6463,2939
6464,2940
3271,2941
3290,2942
3298,2943
33,2944
3304,2945
3307,2946
8520,2947
8524,2948
6466,2949
6470,2950
3310,2951
3313,2952
6472,2953
6477,2954
6480,2955
6481,2956
3317,2957
3319,2958
3327,2959
334,2960
3340,2961
3342,2962
321,2963
3216,2964
8526,2965
8554,2966
8571,2967
8577,2968
6484,2969
6494,2970
3217,2971
3220,2972
8580,2973
8588,2974
8590,2975
8594,2976
3221,2977
3224,2978
2265,2979
2267,2980
3225,2981
3226,2982
3231,2983
3238,2984
3347,2985
3348,2986
651,2987
6510,2988
2272,2989
2273,2990
3353,2991
3356,2992
8595,2993
86,2994
3364,2995
3365,2996
3366,2997
3371,2998
6516,2999
6650,3034
3326,3143
6526,3000
653,3001
6540,3002
3241,3003
3248,3004
8613,3005
8622,3006
3379,3007
3382,3008
6543,3009
6548,3010
6553,3011
6561,3012
6562,3013
6566,3014
6578,3015
6585,3016
6590,3017
66,3018
2275,3019
2276,3020
6600,3021
6607,3022
6614,3023
6616,3024
2282,3025
2283,3026
6620,3027
6622,3028
2296,3029
230,3030
663,3031
6630,3032
6644,3033
3392,3035
3401,3036
8623,3037
8628,3038
6651,3039
6653,3040
2316,3041
2321,3042
2322,3043
2326,3044
8629,3045
8631,3046
6655,3047
6660,3048
8636,3049
8644,3050
3409,3051
3411,3052
3260,3053
3261,3054
6662,3055
6682,3056
8657,3057
8663,3058
2327,3059
233,3060
3416,3061
3423,3062
2333,3063
2338,3064
6690,3065
6692,3066
2341,3067
2342,3068
6693,3069
6696,3070
3270,3071
3274,3072
670,3073
6700,3074
6704,3075
6707,3076
3427,3077
3437,3078
3439,3079
3441,3080
3446,3081
3447,3082
3448,3083
3454,3084
3460,3085
3461,3086
3293,3087
3294,3088
3295,3089
330,3090
3302,3091
3306,3092
2343,3093
235,3094
8667,3095
8672,3096
8677,3097
868,3098
6711,3099
6719,3100
672,3101
6721,3102
3309,3103
331,3104
3312,3105
3315,3106
8689,3107
8697,3108
3462,3109
3465,3110
3490,3111
3497,3112
3505,3113
3512,3114
6734,3115
6741,3116
871,3117
6749,3118
6752,3119
2354,3120
2356,3121
3516,3122
3524,3123
6753,3124
6754,3125
3535,3126
3541,3127
8714,3128
8716,3129
8728,3130
873,3131
8732,3132
8740,3133
8744,3134
8748,3135
6755,3136
6759,3137
8749,3138
8753,3139
8755,3140
3546,3141
3320,3142
3331,3144
3333,3145
676,3146
6765,3147
357,3148
3570,3149
677,3150
6779,3151
678,3152
6782,3153
3576,3154
3577,3155
3334,3156
3336,3157
3593,3158
360,3159
2364,3160
238,3161
8756,3162
8757,3163
8763,3164
8768,3165
8777,3166
8778,3167
3601,3172
3352,3168
3363,3169
6785,3170
6796,3171
3602,3173
3606,3174
3612,3175
68,3176
680,3177
8780,3178
8784,3179
3618,3180
3624,3181
3630,3182
3631,3183
6800,3184
6806,3185
6811,3186
6816,3187
3368,3188
3373,3189
3378,3190
3380,3191
3381,3192
3385,3193
3636,3194
3637,3195
3388,3196
3399,3197
3639,3198
3647,3199
6817,3200
6818,3201
682,3202
6820,3203
6825,3204
683,3205
3660,3206
3662,3207
6833,3208
6834,3209
340,3210
3403,3211
2383,3212
2399,3213
3665,3214
367,3215
241,3216
2413,3217
3404,3218
3419,3219
6835,3220
6841,3221
8785,3222
8787,3223
6844,3224
685,3225
3424,3226
3426,3227
2417,3228
2423,3229
2424,3230
2425,3231
6854,3232
6857,3233
3670,3234
3671,3235
6858,3236
6859,3237
6865,3238
6873,3239
6879,3240
8793,3241
88,3242
8800,3243
8812,3244
8816,3245
8819,3246
8820,3247
8826,3248
69,3249
690,3250
3681,3251
3684,3252
6907,3253
6916,3254
3687,3255
3690,3256
3697,3257
370,3258
3717,3259
3722,3260
2428,3261
2431,3262
3724,3263
3726,3264
3728,3265
3738,3266
6921,3267
693,3268
374,3269
3741,3270
2436,3271
2438,3272
2446,3273
2447,3274
6945,3275
3430,3276
3431,3277
6946,3278
6958,3279
697,3280
6971,3281
6973,3282
6978,3283
3745,3284
3746,3285
375,3286
3752,3287
3753,3288
3764,3289
3779,3290
3781,3291
3786,3292
3788,3293
6979,3294
698,3295
379,3296
3797,3297
8828,3298
8832,3299
7078,3319
7454,3596
3804,3300
3807,3301
8834,3302
8862,3303
2462,3304
2477,3305
3810,3306
6995,3307
6998,3308
7002,3309
7004,3310
7005,3311
7031,3312
7050,3313
7057,3314
7060,3315
7063,3316
7067,3317
7069,3318
7082,3320
7088,3321
709,3322
7091,3323
7092,3324
3813,3325
3820,3326
710,3327
7101,3328
8867,3329
8877,3330
3821,3331
3823,3332
8882,3333
8883,3334
3831,3335
3834,3336
3432,3337
3442,3338
8885,3339
8888,3340
894,3341
895,3342
896,3343
902,3344
7104,3345
7113,3346
7131,3347
7138,3348
3835,3349
3838,3350
714,3351
7144,3352
3839,3353
3841,3354
903,3355
913,3356
7151,3357
7157,3358
92,3359
923,3360
7160,3361
717,3362
936,3363
948,3364
3843,3365
3855,3366
3856,3367
3863,3368
2488,3369
249,3370
2498,3371
2501,3372
950,3373
953,3374
3451,3375
3452,3376
3868,3377
3876,3378
3880,3379
3885,3380
347,3381
3472,3382
3478,3383
3484,3384
3485,3385
3488,3386
7177,3387
7179,3388
2509,3389
2513,3390
955,3391
958,3392
959,3393
971,3394
2521,3395
2532,3396
3494,3397
3502,3398
3504,3399
3515,3400
972,3401
974,3402
980,3403
986,3404
3518,3405
352,3406
3529,3407
3532,3408
7180,3409
7181,3410
7186,3411
7191,3412
7194,3413
7201,3414
7202,3415
7208,3416
99,3417
100,3418
7209,3419
721,3420
3887,3421
3889,3422
3533,3423
3537,3424
3908,3425
3917,3426
3921,3427
3926,3428
3930,3429
3935,3430
3937,3431
3944,3432
3947,3433
3966,3434
2545,3435
2551,3436
2552,3437
2557,3438
1010,3439
1015,3440
354,3441
3548,3442
7211,3443
7212,3444
257,3445
2586,3446
355,3447
3551,3448
2592,3449
2600,3450
7216,3451
7218,3452
3552,3453
3557,3454
103,3455
1041,3456
723,3457
7231,3458
3558,3459
3579,3460
1051,3461
1053,3462
7232,3463
7242,3464
1058,3465
106,3466
1064,3467
1069,3468
1071,3469
1091,3470
7244,3471
725,3472
2603,3473
2613,3474
1096,3475
1103,3476
7259,3477
727,3478
3975,3479
3984,3480
7274,3481
7275,3482
7276,3483
7278,3484
7294,3485
7296,3486
730,3487
7304,3488
2619,3489
2626,3490
731,3491
7311,3492
3993,3493
4010,3494
4012,3495
4013,3496
4018,3497
402,3498
3580,3499
3590,3500
4021,3501
403,3502
7321,3503
7328,3504
4038,3505
4039,3506
2627,3507
2632,3508
2636,3509
2644,3510
2658,3511
2669,3512
2673,3513
2674,3514
2676,3515
2677,3516
1105,3517
1110,3518
3609,3519
361,3520
4044,3521
4051,3522
4060,3523
4062,3524
3620,3525
3623,3526
7340,3527
7341,3528
4065,3529
4067,3530
735,3531
7350,3532
7360,3533
7361,3534
2679,3535
2687,3536
7363,3537
7366,3538
270,3539
2700,3540
4069,3541
407,3542
7375,3543
7383,3544
7385,3545
7393,3546
7399,3547
7408,3548
3626,3549
3641,3550
3642,3551
3645,3552
4074,3553
4083,3554
4084,3555
4086,3556
1112,3557
1115,3558
1117,3559
1125,3560
1127,3561
1130,3562
1133,3563
1140,3564
1155,3565
1159,3566
2705,3567
2716,3568
741,3569
7415,3570
4090,3571
4092,3572
4095,3573
4098,3574
41,3575
4101,3576
3648,3577
3654,3578
1166,3579
1169,3580
3666,3581
3672,3582
7427,3583
7435,3584
4109,3585
4116,3586
4118,3587
4126,3588
1176,3589
1181,3590
3704,3591
372,3592
7446,3593
7447,3594
7452,3595
1185,3597
1188,3598
2720,3599
2726,3600
2727,3601
2728,3602
746,3603
7464,3604
7467,3605
7473,3606
4128,3607
4139,3608
3720,3609
3739,3610
119,3611
1196,3612
2729,3613
2732,3614
2733,3615
2738,3616
2739,3617
2743,3618
2745,3619
2748,3620
2755,3621
2776,3622
1198,3623
12,3624
1200,3625
1204,3626
1206,3627
1210,3628
3747,3629
3754,3630
7479,3631
7492,3632
3756,3633
3765,3634
7493,3635
75,3636
7501,3637
7503,3638
7504,3639
7506,3640
7512,3641
7514,3642
7516,3643
7521,3644
7534,3645
7547,3646
3767,3647
3776,3648
1216,3649
1217,3650
4140,3651
2781,3652
2784,3653
755,3654
7550,3655
7553,3656
7556,3657
1238,3658
1246,3659
1251,3660
1254,3661
2795,3662
3790,3664
7557,3665
7570,3666
3793,3667
3794,3668
7572,3669
7578,3670
1256,3671
126,3672
7591,3673
7593,3674
4151,3675
4152,3676
4167,3677
4168,3678
3799,3679
3801,3680
4173,3681
4178,3682
3811,3683
3822,3684
3825,3685
3826,3686
76,3687
7604,3688
418,3689
4186,3690
4189,3691
4192,3692
2798,3693
2799,3694
1262,3695
1267,3696
2801,3697
2804,3698
4193,3699
4194,3700
761,3701
7611,3702
2809,3703
4195,3704
4201,3705
127,3706
1270,3707
7622,3708
7625,3709
4206,3710
4209,3711
281,3712
1272,3713
128,3714
763,3715
7635,3716
4210,3717
4215,3718
7649,3719
7654,3720
7672,3721
7688,3722
2815,3723
2821,3724
4218,3725
4222,3726
7689,3727
7696,3728
7697,3729
7700,3730
7701,3731
7702,3732
7705,3733
7706,3734
7712,3735
7717,3736
4224,3737
4229,3738
4231,3739
4232,3740
4249,3741
425,3742
1294,3743
1299,3744
3829,3745
3830,3746
3847,3747
3848,3748
386,3749
3862,3750
1307,3751
1308,3752
1313,3753
1324,3754
3864,3755
3867,3756
133,3757
1341,3758
4251,3759
4256,3760
1346,3761
1350,3762
2830,3763
2837,3764
7720,3765
7728,3766
4264,3767
4266,3768
4269,3769
4271,3770
3871,3771
3874,3772
4272,3773
4274,3774
4275,3775
4279,3776
7752,3777
7754,3778
7755,3779
7757,3780
3886,3781
3890,3782
3912,3783
3925,3784
4280,3785
4281,3786
4294,3787
43,3788
1355,3789
1356,3790
1357,3791
1358,3792
4301,3793
4307,3794
1448,8835
3938,3795
3945,3796
3946,3797
3948,3798
284,3799
2846,3800
7761,3801
7762,3802
136,3803
1362,3804
137,3805
1377,3806
3950,3807
3951,3808
3952,3809
3957,3810
2858,3811
286,3812
4311,3813
4318,3814
7764,3815
7766,3816
7767,3817
7771,3818
4319,3819
432,3820
3959,3821
3964,3822
4320,3823
4325,3824
7775,3825
7786,3826
3967,3827
3968,3828
2866,3829
2881,3830
4326,3831
4328,3832
1378,3833
1379,3834
3972,3835
3982,3836
2888,3837
2894,3838
433,3839
4337,3840
4339,3841
4344,3842
7788,3843
7789,3844
7798,3845
7800,3846
1380,3847
1384,3848
4346,3849
4348,3850
1388,3851
139,3852
435,3853
4356,3854
3990,3855
3991,3856
1390,3857
14,3858
4359,3859
4363,3860
7803,3861
7808,3862
4368,3863
4370,3864
140,3865
1403,3866
1420,3867
1433,3868
1438,3869
1445,3870
7811,3871
7814,3872
7816,3873
7826,3874
2896,3875
2897,3876
1450,3877
1457,3878
7834,3879
7839,3880
7840,3881
7855,3882
1463,3883
147,3884
7860,3885
7861,3886
3992,3887
3994,3888
4372,3889
4373,3890
1471,3891
1472,3892
3997,3893
4,3894
7862,3895
7863,3896
7876,3897
7879,3898
7885,3899
7886,3900
401,3901
4016,3902
7887,3903
7895,3904
7898,3905
7908,3906
7912,3907
7925,3908
4026,3909
4028,3910
4377,3911
4386,3912
7937,3913
7942,3914
1479,3915
148,3916
7948,3917
795,3918
2901,3919
2904,3920
4037,3921
4042,3922
4058,3923
4064,3924
2913,3925
2914,3926
4393,3927
4399,3928
440,3929
4407,3930
4068,3931
4075,3932
7956,3933
7957,3934
4408,3935
4412,3936
4417,3937
4419,3938
7961,3939
7965,3940
4081,3941
4088,3942
1480,3943
1488,3944
442,3945
4425,3946
4427,3947
4436,3948
4437,3949
4439,3950
4443,3951
4449,3952
4451,3953
4456,3954
4462,3955
4477,3956
2921,3957
2929,3958
149,3959
1490,3960
293,3961
2934,3962
4478,3963
448,3964
409,3965
4091,3966
7968,3967
7977,3968
4103,3969
4110,3970
2939,3971
2961,3972
7978,3973
7980,3974
7981,3975
7984,3976
2963,3977
2981,3978
2984,3979
3001,3980
4481,3981
4484,3982
7991,3983
7994,3984
4492,3985
4494,3986
8005,3987
8009,3988
4495,3989
4498,3990
4112,3991
4113,3992
1493,3993
1495,3994
8011,3995
8014,3996
4122,3997
4124,3998
8016,3999
8026,4000
4504,4001
4506,4002
1499,4003
15,4004
151,4005
1535,4006
1537,4007
154,4008
4125,4009
4130,4010
3005,4011
3007,4012
8030,4013
8033,4014
8044,4015
8046,4016
451,4017
4514,4018
1546,4019
1547,4020
1548,4021
1558,4022
1563,4023
1564,4024
1569,4025
157,4026
1572,4027
1578,4028
4141,4029
4146,4030
4148,4031
415,4032
8050,4033
8054,4034
4522,4035
4528,4036
3011,4037
3017,4038
4532,4039
4533,4040
8057,4041
8061,4042
8068,4043
8072,4044
8073,4045
8074,4046
4153,4047
416,4048
8093,4049
81,4050
8101,4051
8102,4052
4538,4053
4542,4054
1583,4055
1586,4056
1587,4057
1608,4058
4550,4059
4551,4060
4562,4061
4572,4062
8115,4063
8119,4064
8122,4065
8131,4066
4580,4067
4582,4068
1610,4069
1612,4070
8135,4071
8137,4072
4587,4073
4591,4074
4160,4075
4163,4076
1620,4077
1623,4078
8142,4079
8145,4080
8148,4081
8157,4082
8158,4083
816,4084
1625,4085
1626,4086
46,4087
4613,4088
8167,4089
8170,4090
4616,4091
4617,4092
8174,4093
8177,4094
4619,4095
4623,4096
8179,4097
8184,4098
4629,4099
4643,4100
4166,4101
4169,4102
4171,4103
4176,4104
82,4105
8205,4106
8206,4107
8207,4108
4177,4109
4179,4110
1628,4111
163,4112
1634,4113
1638,4114
302,4115
3023,4116
4180,4117
4181,4118
3025,4119
3027,4120
4645,4121
4648,4122
1640,4123
1651,4124
4185,4125
4190,4126
4653,4127
4656,4128
4658,4129
4660,4130
8208,4131
8212,4132
8215,4133
8221,4134
1659,4135
166,4136
4191,4137
4197,4138
3029,4139
3031,4140
8229,4141
8234,4142
3036,4143
3037,4144
42,4145
4202,4146
1662,4147
1670,4148
4204,4149
4205,4150
8239,4151
8240,4152
8244,4153
8245,4154
1671,4155
168,4156
825,4157
8257,4158
1686,4159
1698,4160
1707,4161
1709,4162
468,4163
4682,4164
4683,4165
4688,4166
4703,4167
4706,4168
8261,4169
8263,4170
4220,4171
4221,4172
3038,4173
3045,4174
3046,4175
3049,4176
3057,4177
3062,4178
4715,4179
4725,4180
8267,4181
8275,4182
3084,4183
309,4184
4225,4185
4228,4186
4727,4187
473,4188
8277,4189
8284,4190
4752,4191
4763,4192
4770,4193
4774,4194
4230,4195
4233,4196
31,4197
3109,4198
8300,4199
3211,4441
8310,4200
8320,4201
8325,4202
4237,4203
4246,4204
4248,4205
4262,4206
8335,4207
8339,4208
8343,4209
8345,4210
8349,4211
8350,4212
4777,4213
4780,4214
4781,4215
4783,4216
311,4217
3115,4218
4265,4219
4273,4220
171,4221
1712,4222
4283,4223
429,4224
8351,4225
8368,4226
4784,4227
4788,4228
4790,4229
4793,4230
1713,4231
1728,4232
1733,4233
1735,4234
4292,4235
4296,4236
8370,4237
8371,4238
4299,4239
4303,4240
4797,4241
4798,4242
8380,4243
8382,4244
8384,4245
8386,4246
8393,4247
840,4248
8409,4249
841,4250
480,4251
4809,4252
8433,4253
8435,4254
4811,4255
4812,4256
4814,4257
4815,4258
4818,4259
4819,4260
4828,4261
4830,4262
3116,4263
312,4264
3121,4265
3124,4266
3127,4267
4837,4268
4842,4269
175,4270
1751,4271
4314,4272
4315,4273
4843,4274
4846,4275
8440,4276
8444,4277
1753,4278
1758,4279
4848,4280
485,4281
4321,4282
4332,4283
4334,4284
4335,4285
8446,4286
8449,4287
176,4288
1769,4289
1774,4290
178,4291
1783,4292
1785,4293
4341,4294
4343,4295
1791,4296
1794,4297
4861,4298
487,4299
4345,4300
4349,4301
1798,4302
180,4303
8460,4304
8463,4305
1805,4306
181,4307
4352,4308
4354,4309
3129,4310
3132,4311
1819,4312
1821,4313
4872,4314
4875,4315
4374,4316
4378,4317
4888,4318
4910,4319
8464,4320
8466,4321
3135,4322
4911,4323
4915,4324
4397,4325
4400,4326
3141,4327
3149,4328
4401,4329
4403,4330
8470,4331
8477,4332
8478,4333
8480,4334
4916,4335
4921,4336
493,4337
4931,4338
4939,4339
494,4340
4942,4341
4945,4342
1825,4343
1851,4344
4961,4345
4962,4346
4409,4347
4410,4348
8481,4349
8482,4350
4411,4351
4429,4352
1853,4353
186,4354
8485,4355
8487,4356
1860,4357
1869,4358
4444,4359
4453,4360
849,4361
8490,4362
8497,4363
8499,4364
8506,4365
3153,4366
3159,4367
8516,4368
852,4369
8528,4370
8529,4371
8531,4372
8532,4373
8537,4374
8543,4375
8549,4376
855,4377
446,4378
4460,4379
4465,4380
4474,4381
4476,4382
4479,4383
4963,4384
4971,4385
8552,4386
8557,4387
4979,4388
4982,4389
4480,4390
4485,4391
8558,4392
8563,4393
4496,4394
500,4395
5001,4396
1870,4397
1873,4398
1887,4399
1896,4400
8565,4401
8569,4402
8572,4403
8576,4404
5008,4405
5015,4406
3163,4407
3165,4408
3168,4409
3177,4410
3178,4411
3182,4412
8579,4413
1905,4414
1920,4415
4510,4416
4511,4417
8581,4418
8596,4419
5026,4420
5029,4421
4518,4422
4520,4423
1922,4424
1924,4425
4534,4426
4536,4427
8597,4428
8600,4429
4544,4430
4548,4431
4553,4432
4563,4433
4566,4434
457,4435
1925,4436
1927,4437
3187,4438
3190,4439
3194,4440
3215,4442
3219,4443
3239,4444
3246,4445
8606,4446
8610,4447
8633,4448
8635,4449
1937,4450
1940,4451
4570,4452
4574,4453
5031,4454
504,4455
5049,4456
5053,4457
864,4458
8645,4459
1943,4460
1944,4461
5072,4462
5076,4463
4575,4464
4581,4465
3247,4466
3249,4467
3266,4468
3268,4469
5079,4470
5083,4471
5086,4472
5094,4473
8651,4474
8653,4475
459,4476
4594,4477
8664,4478
8670,4479
1947,4480
1951,4481
5097,4482
5103,4483
5105,4484
5106,4485
5114,4486
5115,4487
3277,4488
328,4489
3289,4490
3301,4491
1953,4492
1972,4493
1975,4494
1977,4495
198,4496
4597,4497
4601,4498
8671,4499
8679,4500
5117,4501
5126,4502
4604,4503
4608,4504
3305,4505
3308,4506
3318,4507
4625,4508
4631,4509
332,4510
3323,4511
4638,4512
4652,4513
1980,4514
1982,4515
8682,4516
8688,4517
5135,4518
5136,4519
8699,4520
87,4521
8703,4522
8705,4523
8710,4524
8721,4525
8722,4526
8726,4527
3325,4528
3329,4529
466,4530
4666,4531
3330,4532
4674,4533
4680,4534
1984,4535
1987,4536
8736,4537
8738,4538
8739,4539
8742,4540
1988,4541
1994,4542
8746,4543
875,4544
1996,4545
1999,4546
8750,4547
8760,4548
5137,4549
5138,4550
5149,4551
516,4552
517,4553
5171,4554
3337,4555
3341,4556
2016,4557
2017,4558
202,4559
203,4560
8769,4561
8774,4562
4684,4563
4697,4564
3345,4565
3349,4566
5180,4567
5181,4568
5182,4569
5184,4570
5205,4571
5215,4572
5220,4573
5228,4574
5229,4575
5232,4576
5244,4577
5254,4578
3350,4579
3351,4580
2030,4581
2032,4582
5258,4583
5266,4584
3357,4585
336,4586
878,4587
879,4588
2038,4589
2040,4590
8791,4591
8794,4592
3362,4593
3367,4594
2043,4595
2046,4596
8817,4597
8818,4598
4698,4599
4699,4600
5269,4601
5275,4602
5280,4603
5287,4604
529,4605
5295,4606
5298,4607
53,4608
8824,4609
8829,4610
8831,4611
8841,4612
3372,4613
3374,4614
3387,4615
3393,4616
4702,4617
4721,4618
8851,4619
2050,4620
2053,4621
2056,4622
2061,4623
5301,4624
5303,4625
4726,4626
4736,4627
5319,4628
5340,4629
8856,4630
8860,4631
5353,4632
5360,4633
3395,4634
3405,4635
5366,4636
5367,4637
8863,4638
8864,4639
5370,4640
5398,4641
540,4642
5404,4643
5408,4644
5409,4645
2068,4646
2072,4647
8869,4648
8873,4649
4738,4650
474,4651
5413,4652
5424,4653
2073,4654
2085,4655
2095,4656
2096,4657
2107,4658
2127,4659
5433,4660
5438,4661
2128,4662
2130,4663
544,4664
5450,4665
8874,4666
8884,4667
2138,4668
2140,4669
3408,4670
3421,4671
3425,4672
3429,4673
89,4674
899,4675
9,4676
900,4677
5455,4678
5467,4679
905,4680
921,4681
4743,4682
4746,4683
548,4684
5482,4685
922,4686
929,4687
930,4688
935,4689
938,4690
939,4691
4755,4692
5497,4693
941,4694
949,4695
4760,4696
4766,4697
2147,4698
2149,4699
957,4700
96,4701
3434,4702
344,4703
2158,4704
2159,4705
2163,4706
2170,4707
2172,4708
2184,4709
3443,4710
4778,4711
478,4712
5508,4713
5510,4714
5512,4715
5515,4716
5529,4717
5531,4718
5532,4719
5534,4720
3445,4721
3453,4722
554,4723
5545,4724
967,4725
969,4726
2201,4727
2202,4728
981,4729
985,4730
996,4731
997,4732
4800,4733
4802,4734
2203,4735
2204,4736
5551,4737
5581,4738
5586,4739
5587,4740
559,4741
2205,4742
2222,4743
5590,4744
5596,4745
223,4746
2232,4747
3455,4748
3458,4749
3464,4750
3467,4751
3470,4752
3473,4753
2234,4754
2235,4755
998,4756
1009,4757
2245,4758
3475,4759
3479,4760
5597,4761
5600,4762
1012,4763
1016,4764
3483,4765
3486,4766
1020,4767
1026,4768
4808,4769
481,4770
5608,4771
5611,4772
4813,4773
4821,4774
3495,4775
3498,4776
1029,4777
1030,4778
104,4779
1040,4780
3499,4781
3500,4782
225,4783
2252,4784
5616,4785
5620,4786
1045,4787
1046,4788
4822,4789
4824,4790
2256,4791
2261,4792
2269,4793
3506,4794
3510,4795
4825,4796
4826,4797
4831,4798
4832,4799
5626,4800
5634,4801
2270,4802
5645,4803
5647,4804
5653,4805
5658,4806
5660,4807
5663,4808
5670,4809
5679,4810
2271,4811
228,4812
2289,4813
2291,4814
5687,4815
5699,4816
5705,4817
5707,4818
5709,4819
5715,4820
4834,4821
4835,4822
5717,4823
5720,4824
105,4825
1054,4826
5728,4827
5739,4828
2298,4829
2300,4830
2304,4831
2306,4832
2310,4833
2320,4834
2336,4835
2339,4836
1062,4837
1072,4838
1074,4839
1076,4840
3523,4841
3525,4842
2346,4843
2349,4844
2352,4845
3653,5006
2357,4846
1078,4847
1079,4848
2358,4849
2360,4850
2362,4851
2369,4852
5743,4853
5746,4854
5762,4855
5769,4856
5771,4857
5776,4858
2370,4859
2384,4860
2388,4861
2396,4862
1086,4863
1087,4864
4845,4865
4854,4866
578,4867
5780,4868
5781,4869
5784,4870
5786,4871
5791,4872
353,4873
3530,4874
4856,4875
4857,4876
1093,4877
1095,4878
5804,4879
5805,4880
3531,4881
3543,4882
1098,4883
1100,4884
1101,4885
1102,4886
1106,4887
1114,4888
5806,4889
5822,4890
5843,4891
5844,4892
5850,4893
5851,4894
1119,4895
1123,4896
24,4897
2400,4898
4858,4899
4860,4900
4864,4901
4866,4902
2401,4903
2405,4904
2406,4905
2410,4906
2414,4907
2421,4908
3545,4909
3553,4910
488,4911
4889,4912
5858,4913
5861,4914
4890,4915
4895,4916
5864,4917
5869,4918
113,4919
114,4920
3555,4921
3559,4922
2426,4923
2430,4924
5877,4925
5878,4926
490,4927
4902,4928
1146,4929
1152,4930
1153,4931
1156,4932
4904,4933
4905,4934
5881,4935
5888,4936
4907,4937
4914,4938
5894,4939
5897,4940
2435,4941
2443,4942
2458,4943
2466,4944
59,4945
5908,4946
5922,4947
5925,4948
5929,4949
5932,4950
5933,4951
5948,4952
3568,4953
3572,4954
2472,4955
2482,4956
2489,4957
25,4958
2500,4959
2503,4960
116,4961
1164,4962
1165,4963
1172,4964
5952,4965
5954,4966
1174,4967
1178,4968
1179,4969
118,4970
3587,4971
3589,4972
1180,4973
1186,4974
5955,4975
5970,4976
5975,4977
5976,4978
2504,4979
2507,4980
1191,4981
598,4982
5980,4983
6007,4984
6008,4985
601,4986
6010,4987
121,4988
1213,4989
359,4990
3594,4991
4923,4992
4928,4993
6012,4994
6020,4995
1220,4996
1231,4997
3604,4998
3611,4999
3614,5000
3627,5001
363,5002
364,5003
3646,5004
3651,5005
3657,5007
4929,5008
4932,5009
366,5010
3661,5011
3668,5012
3669,5013
251,5014
2512,5015
4934,5016
4941,5017
2522,5018
2523,5019
1232,5020
1237,5021
4944,5022
4955,5023
2524,5024
2526,5025
2531,5026
2537,5027
2538,5028
254,5029
1250,5030
1260,5031
6026,5032
6027,5033
2540,5034
2541,5035
496,5036
4966,5037
1264,5038
1276,5039
6032,5040
605,5041
6052,5042
6056,5043
6071,5044
6084,5045
1284,5046
1290,5047
3673,5048
4973,5049
4974,5050
1296,5051
130,5052
1301,5053
1302,5054
3675,5055
3680,5056
2543,5057
2544,5058
6085,5059
6087,5060
6088,5061
6092,5062
61,5063
6106,5064
131,5065
132,5066
4985,5067
4987,5068
1320,5069
1325,5070
6107,5071
611,5072
3689,5073
3693,5074
1329,5075
1331,5076
2548,5077
2553,5078
3694,5079
3706,5080
1334,5081
1347,5082
1348,5083
1349,5084
6121,5085
6123,5086
6125,5087
6127,5088
6130,5089
615,5090
4989,5091
4990,5092
4994,5093
5002,5094
1364,5095
1374,5096
6153,5097
616,5098
6172,5099
6179,5100
5007,5101
5010,5102
6180,5103
6189,5104
2556,5105
2559,5106
1376,5107
1387,5108
1389,5109
1393,5110
2563,5111
2564,5112
5011,5113
5017,5114
5021,5115
5022,5116
2574,5117
2580,5118
3707,5119
3709,5120
1395,5121
1397,5122
6192,5123
6194,5124
1398,5125
1400,5126
5024,5127
5027,5128
1401,5129
1402,5130
5028,5131
5034,5132
5037,5133
5038,5134
2582,5135
2589,5136
6195,5137
6199,5138
6201,5139
6205,5140
5040,5141
5041,5142
1406,5143
1414,5144
142,5145
1422,5146
3710,5147
3712,5148
2597,5149
2615,5150
1435,5151
144,5152
6207,5153
6211,5154
2618,5155
262,5156
1444,5157
1454,5158
5042,5159
5046,5160
5054,5161
5057,5162
3713,5163
3715,5164
506,5165
5060,5166
2622,5167
2635,5168
1458,5169
1481,5170
5065,5171
5068,5172
2639,5173
264,5174
6218,5175
6221,5176
3716,5177
3718,5178
3721,5179
3729,5180
1492,5181
1500,5182
265,5183
2654,5184
6223,5185
6227,5186
6228,5187
6238,5188
5075,5189
5090,5190
6241,5191
6247,5192
1503,5193
1511,5194
6252,5195
6254,5196
373,5197
3730,5198
6257,5199
626,5200
6263,5201
6270,5202
1521,5203
1528,5204
1529,5205
1545,5206
6280,5207
6283,5208
629,5209
6290,5210
3734,5211
3735,5212
1551,5213
1555,5214
1573,5215
1589,5216
1591,5217
1597,5218
160,5219
1606,5220
5091,5221
5092,5222
6291,5223
6292,5224
2668,5225
267,5226
2686,5227
2688,5228
269,5229
2691,5230
2692,5231
2693,5232
1613,5233
1619,5234
1631,5235
1637,5236
1639,5237
1644,5238
165,5239
1663,5240
5102,5241
5104,5242
1666,5243
1678,5244
5109,5245
5121,5246
1680,5247
1690,5248
5129,5249
1694,5250
1699,5251
6297,5252
6301,5253
6317,5254
6332,5255
6333,5256
6340,5257
1701,5258
1702,5259
6341,5260
6346,5261
5132,5262
5134,5263
5140,5264
5141,5265
5145,5266
5151,5267
1715,5268
1716,5269
1718,5270
1719,5271
172,5272
2694,5273
2702,5274
6347,5275
6348,5276
3742,5277
3748,5278
6359,5279
6367,5280
6369,5281
6379,5282
638,5283
3759,5284
3762,5285
6381,5286
6383,5287
5155,5288
5159,5289
2703,5290
271,5291
1723,5292
1731,5293
3770,5294
3771,5295
6392,5296
6397,5297
640,5298
6412,5299
6414,5300
6427,5301
2717,5302
272,5303
5162,5304
5175,5305
5176,5306
5185,5307
1732,5308
1743,5309
6432,5310
6435,5311
6436,5312
6441,5313
6453,5314
646,5315
3775,5316
3782,5317
5186,5318
5188,5319
3791,5320
3796,5321
5191,5322
5195,5323
2734,5324
2735,5325
3798,5326
38,5327
3800,5328
3802,5329
3805,5330
3824,5331
2737,5332
2753,5333
6465,5334
647,5335
648,5336
6483,5337
2757,5338
2758,5339
1745,5340
1755,5341
2759,5342
2761,5343
2763,5344
2765,5345
2768,5346
2772,5347
5199,5348
5203,5349
3828,5350
384,5351
3850,5352
3857,5353
2773,5354
2780,5355
2782,5356
2790,5357
5210,5358
5216,5359
1763,5360
1765,5361
1775,5362
1789,5363
3860,5364
3866,5365
5222,5366
5230,5367
1796,5368
1799,5369
1807,5370
1815,5371
5233,5372
5236,5373
6487,5374
2794,5375
2796,5376
1816,5377
1817,5378
1822,5379
1828,5380
1830,5381
1837,5382
1838,5383
184,5384
1841,5385
1848,5386
1850,5387
1857,5388
1858,5389
1859,5390
188,5391
1882,5392
1883,5393
1897,5394
1899,5395
190,5396
1901,5397
1906,5398
6490,5399
6493,5400
5245,5401
5246,5402
3873,5403
3878,5404
1908,5405
191,5406
1912,5407
1913,5408
1914,5409
1919,5410
5249,5411
5250,5412
3882,5413
3893,5414
1921,5415
1930,5416
1934,5417
1945,5418
5261,5419
5277,5420
528,5421
5283,5422
5284,5423
5288,5424
5292,5425
5304,5426
5309,5427
5310,5428
5315,5429
5326,5430
533,5431
5332,5432
5341,5433
6495,5434
6497,5435
6501,5436
6502,5437
6505,5438
6508,5439
2807,5440
2819,5441
6509,5442
6520,5443
6523,5444
6532,5445
1949,5446
1960,5447
1962,5448
1979,5449
5345,5450
5347,5451
3894,5452
282,5453
2826,5454
6545,5455
6547,5456
2829,5457
283,5458
2833,5459
2841,5460
2867,5461
2868,5462
2869,5463
287,5464
2871,5465
2884,5466
1981,5467
1985,5468
1995,5469
1997,5470
2010,5471
2015,5472
2019,5473
2024,5474
2025,5475
2027,5476
2029,5477
2031,5478
2033,5479
2034,5480
2036,5481
2044,5482
2885,5483
2887,5484
2047,5485
2048,5486
2049,5487
205,5488
206,5489
2063,5490
2890,5491
2893,5492
2076,5493
2079,5494
655,5495
6552,5496
6557,5497
656,5498
6569,5499
6573,5500
6577,5501
6579,5502
2900,5503
2902,5504
209,5505
2092,5506
3896,5507
3897,5508
6582,5509
6586,5510
6591,5511
6596,5512
660,5513
6608,5514
2905,5515
2909,5516
210,5517
211,5518
6613,5519
6615,5520
2912,5521
292,5522
39,5523
5352,5524
5355,5525
5365,5526
5368,5527
6618,5528
2111,5529
2113,5530
6621,5531
6628,5532
2926,5533
2936,5534
6629,5535
6637,5536
537,5537
5371,5538
2114,5539
212,5540
5372,5541
5376,5542
664,5543
6641,5544
2120,5545
2134,5546
5377,5547
5379,5548
2135,5549
2136,5550
2144,5551
2145,5552
2153,5553
2156,5554
6642,5555
6645,5556
3902,5557
3904,5558
2938,5559
2940,5560
5384,5561
539,5562
2942,5563
2943,5564
2946,5565
2947,5566
2954,5567
2956,5568
296,5569
2966,5570
5391,5571
5394,5572
3910,5573
3913,5574
6646,5575
6654,5576
2160,5577
2164,5578
3914,5579
3915,5580
3923,5581
3932,5582
394,5583
3943,5584
5397,5585
5400,5586
2165,5587
2166,5588
6656,5589
6659,5590
2969,5591
297,5592
2970,5593
2974,5594
2171,5595
218,5596
5402,5597
5416,5598
5423,5599
3953,5600
3955,5601
2181,5602
2187,5603
2978,5604
2980,5605
3960,5606
3963,5607
5427,5608
5429,5609
667,5610
668,5611
3969,5612
397,5613
3979,5614
3980,5615
3996,5616
3998,5617
3999,5618
4000,5619
5431,5620
5434,5621
6681,5622
669,5623
6709,5624
6712,5625
6714,5626
6722,5627
6723,5628
6735,5629
6736,5630
674,5631
2982,5632
2983,5633
2989,5634
2993,5635
2188,5636
2191,5637
6745,5638
6746,5639
6750,5640
6756,5641
6760,5642
6763,5643
6767,5644
2198,5645
22,5646
2995,5647
2996,5648
2210,5649
2214,5650
2219,5651
2220,5652
4004,5653
5437,5654
5440,5655
300,5656
3008,5657
3009,5658
3013,5659
3032,5660
3034,5661
6768,5662
6770,5663
3048,5664
3052,5665
3059,5666
306,5667
4015,5668
4019,5669
3060,5670
3068,5671
2226,5672
2229,5673
2242,5674
2244,5675
2246,5676
2247,5677
5447,5678
5449,5679
4024,5680
4034,5681
4035,5682
404,5683
4046,5684
4047,5685
6772,5686
4048,5687
4049,5688
2249,5689
2250,5690
2255,5691
2257,5692
2259,5693
2264,5694
6777,5695
6789,5696
3078,5697
3080,5698
4063,5699
4066,5700
4070,5701
4072,5702
4073,5703
4078,5704
3081,5705
6791,5706
6793,5707
6794,5708
6797,5709
6799,5710
2277,5711
2278,5712
3082,5713
3090,5714
3092,5715
3094,5716
6805,5717
6812,5718
2285,5719
2287,5720
2299,5721
2309,5722
6822,5723
6831,5724
684,5725
6845,5726
6855,5727
6856,5728
231,5729
2311,5730
5458,5731
5459,5732
408,5733
4094,5734
4097,5735
4099,5736
410,5737
6867,5738
6869,5739
6878,5740
688,5741
2314,5742
3098,5743
3099,5744
546,5745
5464,5746
232,5747
2330,5748
6881,5749
6885,5750
3100,5751
3106,5752
3108,5753
3113,5754
4105,5755
5475,5756
5480,5757
5484,5758
6889,5759
6893,5760
6903,5761
6904,5762
549,5763
55,5764
6910,5765
2335,5766
2363,5767
2365,5768
2371,5769
2375,5770
2376,5771
2377,5772
4111,5773
412,5774
2386,5775
2387,5776
5500,5777
5502,5778
3117,5779
3139,5780
2403,5781
2408,5782
2415,5783
2416,5784
243,5785
2432,5786
2433,5787
2437,5788
244,5789
2441,5790
5504,5791
2442,5792
2449,5793
3145,5794
3147,5795
3155,5796
245,5797
2455,5798
2464,5799
2467,5800
3158,5801
3160,5802
2469,5803
2470,5804
6913,5805
6919,5806
4121,5807
4123,5808
3161,5809
3172,5810
413,5811
2471,5812
2473,5813
2479,5814
2483,5815
2486,5816
2487,5817
3180,5818
4131,5819
4133,5820
2492,5821
2495,5822
692,5823
6922,5824
6927,5825
6932,5826
6950,5827
6952,5828
2496,5829
250,5830
4134,5831
4137,5832
2506,5833
2511,5834
6955,5835
6963,5836
414,5837
4155,5838
6967,5839
6969,5840
551,5841
5513,5842
5518,5843
552,5844
5527,5845
5536,5846
5538,5847
6988,5848
2514,5849
2517,5850
6989,5851
6997,5852
700,5853
7006,5854
7007,5855
7016,5856
4162,5857
2519,5858
252,5859
2525,5860
2527,5861
5556,5862
5557,5863
3181,5864
3183,5865
2536,5866
2547,5867
7017,5868
7019,5869
2550,5870
2561,5871
2568,5872
2569,5873
2575,5874
7022,5875
7024,5876
2587,5877
259,5878
5563,5879
5564,5880
2590,5881
5569,5882
557,5883
4164,5884
2591,5885
26,5886
2606,5887
2607,5888
3191,5889
3192,5890
3198,5891
7025,5892
7026,5893
7027,5894
7033,5895
261,5896
2620,5897
2624,5898
263,5899
7034,5900
7043,5901
3204,5902
3207,5903
7044,5904
7047,5905
2638,5906
2646,5907
5570,5908
5574,5909
5579,5910
2648,5911
2653,5912
558,5913
5583,5914
5585,5915
5592,5916
2659,5917
2665,5918
3212,5919
3227,5920
323,5921
324,5922
3244,5923
3245,5924
4165,5925
417,5926
7058,5927
7059,5928
5601,5929
5603,5930
2672,5931
2675,5932
268,5933
2695,5934
2697,5935
2698,5936
3250,5937
326,5938
3272,5939
7065,5941
3273,5942
3276,5943
707,5944
7070,5945
2710,5946
2713,5947
2714,5948
2731,5949
2751,5950
2752,5951
3278,5952
3279,5953
7071,5954
7073,5955
2756,5956
2764,5957
4187,5958
4198,5959
5609,5960
5612,5961
7077,5962
7086,5963
2778,5964
2783,5965
5613,5966
562,5967
2785,5968
2786,5969
3291,5970
3292,5971
3297,5972
3300,5973
4208,5974
4211,5975
7090,5976
7096,5977
3303,5978
3316,5979
3321,5980
3322,5981
7102,5982
7105,5983
7107,5984
7108,5985
7114,5986
7115,5987
7135,5988
7139,5989
2787,5990
5622,5991
7141,5992
7142,5993
7148,5994
5628,5995
5629,5996
4212,5997
7153,5998
7161,5999
3020,6114
7170,6000
7171,6001
7172,6002
7175,6003
7176,6004
718,6005
7183,6006
4216,6007
4227,6008
423,6009
4244,6010
4247,6011
5635,6012
3324,6013
3338,6014
2789,6015
2791,6016
5636,6017
5637,6018
28,6019
2806,6020
3344,6021
3359,6022
3370,6023
4259,6024
4267,6025
427,6026
4284,6027
4289,6028
4304,6029
7184,6030
7188,6031
719,6032
7193,6033
2817,6034
2820,6035
2822,6036
2824,6037
2827,6038
2839,6039
2840,6040
2851,6041
5646,6042
5648,6043
7204,6044
2854,6045
2864,6046
3375,6047
3377,6048
7214,6049
7229,6050
5652,6051
566,6052
2875,6053
2882,6054
3384,6055
2899,6056
2903,6057
5672,6058
7230,6059
7247,6060
2911,6061
2915,6062
568,6063
5684,6064
3396,6065
3397,6066
3402,6067
341,6068
2918,6069
7250,6070
7251,6071
7254,6072
7260,6073
7261,6074
7263,6075
7270,6076
7271,6077
2924,6078
2931,6079
7279,6080
2935,6081
7287,6082
5688,6083
570,6084
2941,6085
2948,6086
7289,6087
729,6088
2949,6089
2958,6090
2959,6091
3410,6092
3413,6093
7292,6094
7297,6095
2967,6096
298,6097
5706,6098
5713,6099
2987,6100
2990,6101
2994,6102
3000,6103
4322,6104
7301,6105
7307,6106
3006,6107
3014,6108
7312,6109
7315,6110
7317,6111
7319,6112
3015,6113
3024,6115
303,6116
304,6117
3040,6118
3418,6119
3420,6120
732,6121
7331,6122
5719,6123
572,6124
3422,6125
3428,6126
343,6127
3436,6128
3444,6129
3457,6130
5721,6131
5723,6132
3042,6133
3051,6134
7338,6135
7342,6136
7345,6137
7354,6138
7362,6139
5726,6140
5735,6141
3054,6142
3055,6143
3061,6144
3066,6145
3067,6146
3070,6147
3073,6148
3074,6149
3077,6150
308,6151
3087,6152
3110,6153
5737,6154
3130,6155
3133,6156
3136,6157
3137,6158
5741,6159
5749,6160
5753,6161
5754,6162
5761,6163
5765,6164
3140,6165
3142,6166
315,6167
3150,6168
3151,6169
3152,6170
7365,6171
7367,6172
5766,6173
3459,6174
3474,6175
5772,6176
5785,6177
3156,6178
3162,6179
3164,6180
3169,6181
317,6182
3171,6183
5792,6184
5800,6185
3173,6186
3179,6187
3196,6188
3199,6189
7368,6190
7381,6191
7387,6192
7390,6193
7402,6194
7416,6195
348,6196
3489,6197
3493,6198
3496,6199
7418,6200
743,6201
7434,6202
7443,6203
7445,6204
7462,6205
7463,6206
7470,6207
35,6208
350,6209
7477,6210
7481,6211
7483,6212
7485,6213
7488,6214
749,6215
7497,6216
7498,6217
7500,6218
7509,6219
320,6220
7511,6221
7520,6222
7528,6223
753,6224
3200,6225
3202,6226
3205,6227
3213,6228
7530,6229
5803,6230
5809,6231
3218,6232
322,6233
7531,6234
4323,6235
4329,6236
4331,6237
4338,6238
4351,6239
4353,6240
4357,6241
4362,6242
4364,6243
4366,6244
3223,6245
3228,6246
7533,6247
7537,6248
7540,6249
7541,6250
7552,6251
7555,6252
7558,6253
7560,6254
7564,6255
7566,6256
757,6257
7574,6258
3229,6259
3230,6260
4376,6261
438,6262
4387,6263
439,6264
4391,6265
4396,6266
4398,6267
4402,6268
4406,6269
4418,6270
7577,6271
7579,6272
3235,6273
3237,6274
3508,6275
3509,6276
7581,6277
351,6278
3242,6279
3243,6280
3252,6281
3257,6282
7583,6283
7584,6284
7588,6285
759,6286
4422,6287
4424,6288
7590,6289
7592,6290
7594,6291
7595,6292
5812,6293
5817,6294
4433,6295
4435,6296
7605,6297
7615,6298
7617,6299
5974,6403
762,6300
7627,6301
3259,6302
3262,6303
3511,6304
3514,6305
5823,6306
3519,6307
3520,6308
3263,6309
3264,6310
7632,6311
7634,6312
7637,6313
7643,6314
7650,6315
7651,6316
444,6317
3521,6318
3522,6319
4440,6320
3281,6321
3282,6322
7653,6323
7658,6324
5826,6325
5837,6326
7659,6327
7661,6328
7662,6329
3283,6330
3284,6331
5846,6332
5847,6333
3285,6334
3287,6335
3288,6336
329,6337
4441,6338
4446,6339
3536,6340
3538,6341
3296,6342
3299,6343
7666,6344
7675,6345
3311,6346
3328,6347
333,6348
3332,6349
7678,6350
3335,6351
3339,6352
768,6353
7684,6354
7691,6355
7693,6356
7695,6357
770,6358
3539,6359
3540,6360
5865,6361
5875,6362
335,6363
3355,6364
5879,6365
5886,6366
3360,6367
3361,6368
3369,6369
337,6370
3376,6371
5893,6372
5900,6373
4455,6375
338,6376
3386,6377
3389,6378
3391,6379
3394,6380
3398,6381
5914,6382
5924,6383
3544,6384
5931,6385
5940,6386
7707,6387
7709,6388
4463,6389
4471,6390
4475,6391
4487,6392
3400,6393
3406,6394
7710,6395
7713,6396
5941,6397
595,6398
5951,6399
596,6400
5965,6401
5971,6402
5989,6404
3407,6405
3412,6406
3547,6407
3549,6408
5991,6409
5995,6410
3414,6411
3415,6412
7714,6413
7715,6414
3560,6415
3562,6416
3564,6417
3565,6418
3567,6419
3578,6420
3582,6421
3583,6422
772,6423
7731,6424
7732,6425
7739,6426
342,6427
3433,6428
4488,6429
4493,6430
3440,6431
345,6432
7748,6433
7750,6434
776,6435
7769,6436
777,6437
7772,6438
7776,6439
7779,6440
3585,6441
3456,6442
346,6443
3466,6444
3469,6445
778,6446
7780,6447
4502,6448
4507,6449
5996,6450
4512,6451
4516,6452
3588,6453
3596,6454
36,6455
4519,6456
7782,6457
7794,6458
7795,6459
7796,6460
4524,6461
4525,6462
7797,6463
7804,6464
4529,6465
4541,6466
7806,6467
7807,6468
7813,6469
4549,6470
4552,6471
7821,6472
7828,6473
6009,6474
6013,6475
4556,6476
4558,6477
3603,6478
3607,6479
7835,6480
7836,6481
3476,6482
3477,6483
3480,6484
3481,6485
4560,6486
4564,6487
3482,6488
3491,6489
7838,6490
7850,6491
3617,6492
3619,6493
4567,6494
362,6495
3621,6496
3633,6497
3492,6498
3501,6499
3634,6500
3643,6501
6015,6502
4576,6503
458,6504
3644,6505
3503,6506
3507,6507
3513,6508
3526,6509
4584,6510
4599,6511
460,6512
4600,6513
7859,6514
786,6515
7866,6516
7868,6517
7874,6518
7875,6519
7878,6520
788,6521
7881,6522
7883,6523
7889,6524
7892,6525
4602,6526
4618,6527
7896,6528
7900,6529
7906,6530
7911,6531
462,6532
4621,6533
365,6534
3652,6535
3527,6536
3655,6537
3658,6538
4624,6539
4627,6540
3663,6541
3542,6542
3550,6543
3556,6544
356,6545
3563,6546
792,6547
7922,6548
3674,6549
3679,6550
7923,6551
7926,6552
3566,6553
3569,6554
7927,6555
7934,6556
7935,6557
7945,6558
3682,6559
3683,6560
3685,6561
6019,6562
6021,6563
3573,6564
603,6565
6033,6566
7958,6567
6036,6568
6040,6569
358,6570
3581,6571
6042,6572
6046,6573
4628,6574
4633,6575
4642,6576
4646,6577
4647,6578
4654,6579
3584,6580
3592,6581
3595,6582
3597,6583
3598,6584
3599,6585
3600,6586
3610,6587
3615,6588
3616,6589
3628,6590
3629,6591
796,6592
7962,6593
3635,6594
3638,6595
6048,6596
6050,6597
6055,6598
7967,6599
7998,6612
7969,6600
797,6601
7979,6602
7985,6603
7987,6604
3686,6605
3692,6606
3649,6607
3650,6608
6062,6609
6065,6610
6077,6611
8002,6613
8006,6614
3664,6615
3677,6616
3678,6617
3688,6618
3696,6619
3699,6620
37,6621
3708,6622
371,6623
3719,6624
3725,6625
4659,6626
4661,6627
8007,6628
8008,6629
4664,6630
801,6631
8020,6632
803,6633
4668,6634
4670,6635
4671,6636
4672,6637
4675,6638
4677,6639
8034,6640
8038,6641
3698,6642
3700,6643
3701,6644
3702,6645
3711,6646
3714,6647
3731,6648
3733,6649
8041,6650
3727,6651
3732,6652
3743,6653
3750,6654
3758,6655
3761,6656
3768,6657
3769,6658
6093,6659
3773,6660
3774,6661
3778,6662
3803,6663
381,6664
3815,6665
8063,6666
4686,6667
4691,6668
8065,6669
8077,6670
6100,6671
6112,6672
8079,6673
8082,6674
3736,6675
3737,6676
3744,6677
3755,6678
3757,6679
3760,6680
6117,6681
6120,6682
6131,6683
6141,6684
6142,6685
6144,6686
6148,6687
6154,6688
8084,6689
8085,6690
8088,6691
8096,6692
8098,6693
8103,6694
8106,6695
811,6696
3816,6697
3827,6698
4700,6699
4708,6700
8117,6701
8121,6702
3832,6703
3833,6704
3766,6705
8125,6706
813,6707
8136,6708
4712,6709
8146,6710
8150,6711
3772,6712
3777,6713
4713,6714
4717,6715
4722,6716
4735,6717
617,6718
6170,6719
378,6720
3780,6721
8165,6722
3783,6723
3785,6724
6171,6725
6173,6726
618,6727
6182,6728
4740,6729
4744,6730
3844,6731
3845,6732
3849,6733
385,6734
3851,6735
3852,6736
8169,6737
8186,6738
6204,6739
6213,6740
3859,6741
3861,6742
387,6743
3875,6744
8188,6745
3877,6746
3879,6747
8189,6748
8192,6749
3787,6750
3792,6751
4753,6752
4756,6753
4757,6754
4759,6755
8199,6756
8210,6757
8216,6758
389,6759
3892,6760
6214,6761
3895,6762
3899,6763
3905,6764
3907,6765
3909,6766
4762,6767
4764,6768
8217,6769
8222,6770
8224,6771
8226,6772
8246,6773
8251,6774
3918,6775
380,6776
3806,6777
4775,6778
4776,6779
6215,6780
8253,6781
8254,6782
8259,6783
8270,6784
828,6785
8281,6786
392,6787
3808,6788
3809,6789
3922,6790
3924,6791
3929,6792
8286,6793
8287,6794
829,6795
8296,6796
3933,6797
3936,6798
8299,6799
3940,6800
3941,6801
3942,6802
3958,6803
3814,6804
3817,6805
830,6806
8303,6807
8305,6808
8308,6809
833,6810
8330,6811
8338,6812
3818,6813
4786,6814
479,6815
4791,6816
4795,6817
4799,6818
48,6819
4805,6820
4810,6821
4820,6822
4823,6823
4833,6824
4838,6825
484,6826
4853,6827
4865,6828
4867,6829
4873,6830
4876,6831
4877,6832
4878,6833
4879,6834
4883,6835
489,6836
4893,6837
4903,6838
4909,6839
491,6840
4913,6841
4917,6842
4918,6843
4922,6844
4925,6845
4927,6846
4933,6847
4938,6848
4946,6849
4947,6850
4948,6851
4951,6852
4953,6853
4967,6854
497,6855
4970,6856
499,6857
4999,6858
5,6859
5005,6860
5012,6861
5019,6862
5030,6863
5032,6864
5055,6865
5061,6866
5067,6867
507,6868
5070,6869
5078,6870
5081,6871
5085,6872
509,6873
5096,6874
51,6875
5100,6876
5101,6877
5116,6878
5124,6879
5127,6880
513,6881
5147,6882
515,6883
5150,6884
5153,6885
5156,6886
5161,6887
5166,6888
5168,6889
5172,6890
5179,6891
519,6892
5192,6893
5194,6894
5196,6895
5198,6896
520,6897
5200,6898
5202,6899
5204,6900
5219,6901
5223,6902
5226,6903
5231,6904
5234,6905
5242,6906
5247,6907
5251,6908
5255,6909
5257,6910
526,6911
5263,6912
5270,6913
3962,6914
3965,6915
3970,6916
3976,6917
3978,6918
3986,6919
8341,6920
8353,6921
8359,6922
8377,6923
838,6924
8389,6925
839,6926
8397,6927
84,6928
842,6929
843,6930
8432,6931
8443,6932
8451,6933
8453,6934
8458,6935
847,6936
848,6937
8486,6938
8493,6939
8495,6940
8502,6941
8503,6942
5273,6943
5274,6944
5290,6945
5293,6946
530,6947
5300,6948
5306,6949
5307,6950
5314,6951
5317,6952
5318,6953
5323,6954
5329,6955
5330,6956
5335,6957
5336,6958
534,6959
5346,6960
535,6961
5350,6962
6219,6963
6225,6964
6248,6965
6259,6966
6269,6967
627,6968
6277,6969
6282,6970
6288,6971
6289,6972
6293,6973
6305,6974
6306,6975
631,6976
6312,6977
6316,6978
6318,6979
6326,6980
6328,6981
6330,6982
3988,6983
4001,6984
4002,6985
4006,6986
4009,6987
4022,6988
4027,6989
4031,6990
4036,6991
4043,6992
4045,6993
4057,6994
406,6995
4085,6996
4093,6997
4096,6998
4106,6999
4107,7000
4114,7001
4115,7002
5354,7003
5356,7004
5358,7005
5359,7006
536,7007
5362,7008
5373,7009
5381,7010
5383,7011
5387,7012
5392,7013
5399,7014
5401,7015
5406,7016
5411,7017
5417,7018
5419,7019
5420,7020
5421,7021
5430,7022
8505,7023
8508,7024
8510,7025
8513,7026
8521,7027
3819,7028
382,7029
5435,7030
5457,7031
5469,7032
5473,7033
5476,7034
5485,7035
5489,7036
5503,7037
5509,7038
5521,7039
5528,7040
553,7041
5530,7042
5540,7043
5541,7044
5543,7045
5547,7046
5549,7047
5552,7048
5553,7049
5555,7050
5566,7051
5576,7052
5589,7053
5593,7054
5595,7055
5605,7056
5617,7057
5631,7058
5638,7059
564,7060
5640,7061
5642,7062
5643,7063
5654,7064
5657,7065
5661,7066
5662,7067
5667,7068
5669,7069
5678,7070
5682,7071
5685,7072
5690,7073
5696,7074
5697,7075
5698,7076
5700,7077
5701,7078
5704,7079
6334,7080
6335,7081
6344,7082
6345,7083
635,7084
636,7085
6370,7086
6375,7087
6389,7088
639,7089
6398,7090
6399,7091
641,7092
6413,7093
6416,7094
6420,7095
6431,7096
6433,7097
6443,7098
6444,7099
6446,7100
6467,7101
6469,7102
6473,7103
6496,7104
6498,7105
6507,7106
6513,7107
6518,7108
6519,7109
6527,7110
6534,7111
6535,7112
6536,7113
6541,7114
6554,7115
6555,7116
6567,7117
6568,7118
6570,7119
6571,7120
6580,7121
6583,7122
6584,7123
6587,7124
6603,7125
6605,7126
6609,7127
661,7128
6619,7129
4117,7130
4127,7131
4129,7132
4132,7133
4135,7134
4145,7135
6623,7136
6625,7137
6632,7138
6648,7139
6652,7140
6661,7141
6668,7142
6672,7143
6674,7144
6677,7145
6694,7146
6695,7147
6697,7148
6698,7149
6699,7150
6703,7151
6706,7152
6708,7153
6715,7154
6716,7155
6717,7156
6720,7157
673,7158
6738,7159
6773,7160
6774,7161
6784,7162
6807,7163
681,7164
6815,7165
6821,7166
6823,7167
6827,7168
6828,7169
6832,7170
6836,7171
6838,7172
6847,7173
6849,7174
6852,7175
6863,7176
6864,7177
6870,7178
6874,7179
6875,7180
6876,7181
6880,7182
689,7183
6898,7184
6899,7185
5716,7186
5718,7187
5722,7188
5724,7189
5725,7190
5734,7191
574,7192
5742,7193
5747,7194
575,7195
5756,7196
5759,7197
5760,7198
5763,7199
5764,7200
577,7201
5770,7202
5777,7203
5779,7204
5788,7205
5811,7206
582,7207
5821,7208
5828,7209
5831,7210
5835,7211
584,7212
5852,7213
5860,7214
5862,7215
5867,7216
587,7217
5872,7218
5882,7219
5889,7220
5892,7221
5896,7222
590,7223
5906,7224
591,7225
5910,7226
5911,7227
5913,7228
5917,7229
592,7230
5930,7231
5950,7232
5953,7233
5957,7234
5961,7235
5964,7236
5968,7237
5979,7238
5983,7239
5985,7240
5994,7241
602,7242
6023,7243
6025,7244
6030,7245
6038,7246
6051,7247
6053,7248
6054,7249
6061,7250
6068,7251
6070,7252
608,7253
6081,7254
609,7255
6090,7256
6099,7257
6102,7258
6113,7259
6114,7260
6118,7261
6128,7262
6132,7263
6134,7264
6135,7265
6136,7266
6138,7267
614,7268
6147,7269
6151,7270
6155,7271
6158,7272
6159,7273
6160,7274
6162,7275
6163,7276
6164,7277
6165,7278
6174,7279
6178,7280
6181,7281
6185,7282
6190,7283
6193,7284
6197,7285
6900,7286
6905,7287
6906,7288
6908,7289
6909,7290
691,7291
6923,7292
6924,7293
6928,7294
6941,7295
6942,7296
6947,7297
6957,7298
696,7299
6960,7300
6961,7301
6964,7302
6972,7303
6974,7304
6980,7305
6981,7306
6982,7307
6983,7308
6984,7309
6985,7310
7000,7311
7001,7312
7008,7313
701,7314
7010,7315
7011,7316
7015,7317
7020,7318
703,7319
7035,7320
704,7321
7045,7322
7049,7323
7053,7324
7055,7325
7061,7326
7076,7327
708,7328
7080,7329
7083,7330
7085,7331
7093,7332
7099,7333
7106,7334
7111,7335
7112,7336
7122,7337
7123,7338
3840,7339
3846,7340
3854,7341
62,7342
620,7343
8535,7344
7127,7345
713,7346
7130,7347
7132,7348
7136,7349
7143,7350
7147,7351
7150,7352
7155,7353
7156,7354
7158,7355
7159,7356
7168,7357
7174,7358
7182,7359
7185,7360
7197,7361
7199,7362
7213,7363
7220,7364
7227,7365
7233,7366
7235,7367
7237,7368
7240,7369
7245,7370
7253,7371
7255,7372
7257,7373
7267,7374
7269,7375
7277,7376
7280,7377
7285,7378
7286,7379
7298,7380
73,7381
7302,7382
7316,7383
7325,7384
7329,7385
7337,7386
7339,7387
7343,7388
7344,7389
7346,7390
7347,7391
7349,7392
7351,7393
7352,7394
7358,7395
7359,7396
7364,7397
7369,7398
7370,7399
740,7400
7400,7401
7406,7402
7409,7403
7410,7404
7417,7405
7421,7406
2008,2467
7423,7407
7426,7408
7428,7409
7430,7410
7431,7411
7438,7412
7439,7413
7450,7414
7455,7415
7469,7416
747,7417
7472,7418
7474,7419
7475,7420
7476,7421
748,7422
7484,7423
7487,7424
7490,7425
7491,7426
7502,7427
7508,7428
7513,7429
7517,7430
7518,7431
752,7432
7523,7433
7524,7434
7526,7435
7535,7436
7544,7437
7545,7438
7559,7439
756,7440
7561,7441
7567,7442
7571,7443
7573,7444
6209,7445
621,7446
6212,7447
6216,7448
6217,7449
6222,7450
6229,7451
6231,7452
6237,7453
6243,7454
6245,7455
625,7456
6250,7457
6266,7458
628,7459
6287,7460
6296,7461
6304,7462
6307,7463
632,7464
6331,7465
6337,7466
6338,7467
6343,7468
6349,7469
6351,7470
6353,7471
6354,7472
6358,7473
6368,7474
6371,7475
6373,7476
6374,7477
6376,7478
6380,7479
6386,7480
6388,7481
6390,7482
6396,7483
64,7484
6400,7485
6402,7486
6405,7487
6406,7488
6415,7489
6418,7490
642,7491
6434,7492
6438,7493
6440,7494
6442,7495
645,7496
6450,7497
6455,7498
6468,7499
6476,7500
6479,7501
6482,7502
6486,7503
65,7504
6514,7505
652,7506
6522,7507
6524,7508
6529,7509
6530,7510
6538,7511
6539,7512
6549,7513
6556,7514
6559,7515
6563,7516
6575,7517
6576,7518
6581,7519
6593,7520
6594,7521
6595,7522
6601,7523
6602,7524
6610,7525
6617,7526
6624,7527
6631,7528
6634,7529
6635,7530
6636,7531
6640,7532
6647,7533
665,7534
6658,7535
6666,7536
6669,7537
6671,7538
6673,7539
6678,7540
6679,7541
6680,7542
6683,7543
6686,7544
6689,7545
6691,7546
854,7547
8544,7548
8547,7549
8548,7550
3858,7551
3865,7552
3872,7553
388,7554
4154,7555
4156,7556
4157,7557
4161,7558
4175,7559
4183,7560
4196,7561
4199,7562
420,7563
4203,7564
4207,7565
4213,7566
4219,7567
67,7568
6702,7569
671,7570
6724,7571
6725,7572
6726,7573
6728,7574
6733,7575
6737,7576
6739,7577
8553,7578
8556,7579
8562,7580
8564,7581
857,7582
8570,7583
8573,7584
8582,7585
860,7586
8602,7587
4234,7588
4236,7589
4238,7590
4252,7591
4255,7592
4258,7593
4263,7594
4286,7595
4288,7596
4290,7597
6740,7598
6742,7599
6766,7600
6769,7601
6783,7602
6786,7603
6787,7604
6788,7605
6795,7606
6803,7607
6804,7608
6808,7609
6819,7610
6824,7611
6826,7612
6839,7613
6842,7614
6850,7615
6853,7616
686,7617
6866,7618
6871,7619
6882,7620
6887,7621
6891,7622
6895,7623
6896,7624
6901,7625
6902,7626
6920,7627
6926,7628
6930,7629
6934,7630
6939,7631
6944,7632
6948,7633
6949,7634
6954,7635
6956,7636
6959,7637
6962,7638
6966,7639
6968,7640
6977,7641
6986,7642
6990,7643
6996,7644
70,7645
7003,7646
7009,7647
7013,7648
702,7649
7032,7650
7036,7651
7037,7652
7039,7653
7041,7654
7042,7655
7048,7656
705,7657
7052,7658
7054,7659
706,7660
7064,7661
7068,7662
7075,7663
7576,7664
7586,7665
7597,7666
7598,7667
760,7668
7607,7669
7608,7670
7609,7671
7613,7672
7619,7673
7629,7674
7633,7675
7636,7676
7641,7677
7647,7678
7657,7679
7664,7680
7665,7681
7668,7682
7679,7683
7683,7684
769,7685
7699,7686
77,7687
7704,7688
7724,7689
7727,7690
773,7691
7730,7692
7733,7693
7734,7694
7735,7695
7738,7696
7744,7697
7756,7698
7778,7699
7784,7700
7785,7701
7787,7702
7790,7703
78,7704
780,7705
7802,7706
7810,7707
7812,7708
7827,7709
7830,7710
7837,7711
7843,7712
7847,7713
7852,7714
7864,7715
7871,7716
7877,7717
7882,7718
7891,7719
790,7720
7903,7721
7904,7722
7920,7723
7931,7724
7932,7725
7940,7726
7941,7727
7947,7728
7950,7729
7953,7730
4295,7731
4297,7732
4298,7733
4300,7734
4305,7735
4313,7736
4342,7737
4355,7738
436,7739
4369,7740
4375,7741
4379,7742
4384,7743
4388,7744
4389,7745
4392,7746
44,7747
4420,7748
4421,7749
4423,7750
443,7751
4432,7752
4434,7753
4445,7754
4450,7755
4457,7756
4459,7757
4464,7758
4469,7759
447,7760
4470,7761
4483,7762
449,7763
4497,7764
4499,7765
45,7766
4500,7767
4505,7768
4509,7769
4513,7770
4515,7771
4517,7772
4526,7773
4527,7774
4537,7775
454,7776
4545,7777
4547,7778
4554,7779
456,7780
4568,7781
4571,7782
4578,7783
4583,7784
4585,7785
4592,7786
4595,7787
4598,7788
4603,7789
4606,7790
4607,7791
4609,7792
4611,7793
4612,7794
4615,7795
4620,7796
4622,7797
8609,7798
8612,7799
8321,7991
7377,8072
8614,7800
8618,7801
8619,7802
862,7803
8624,7804
8625,7805
8627,7806
863,7807
463,7808
4630,7809
4632,7810
4634,7811
4635,7812
4637,7813
4640,7814
8632,7815
8634,7816
465,7817
4651,7818
4663,7819
4665,7820
4669,7821
4676,7822
4678,7823
4679,7824
4687,7825
4689,7826
469,7827
4690,7828
4692,7829
4694,7830
470,7831
4701,7832
4709,7833
471,7834
4711,7835
4719,7836
4720,7837
4724,7838
4730,7839
4731,7840
4737,7841
4742,7842
4748,7843
4758,7844
4765,7845
4767,7846
477,7847
4771,7848
4773,7849
4785,7850
4789,7851
4792,7852
4801,7853
4803,7854
4804,7855
4806,7856
4816,7857
4836,7858
4844,7859
4847,7860
4859,7861
486,7862
4863,7863
4874,7864
4882,7865
4884,7866
4885,7867
4887,7868
4891,7869
4894,7870
4896,7871
4897,7872
4899,7873
4900,7874
4901,7875
492,7876
4920,7877
4924,7878
4926,7879
4930,7880
4935,7881
4936,7882
4943,7883
495,7884
4950,7885
4956,7886
4957,7887
4958,7888
4977,7889
498,7890
4980,7891
4986,7892
4991,7893
50,7894
5000,7895
5004,7896
5014,7897
5018,7898
5023,7899
5039,7900
5044,7901
5045,7902
5047,7903
5059,7904
5064,7905
5069,7906
5071,7907
5074,7908
5087,7909
5088,7910
510,7911
5107,7912
511,7913
5110,7914
5113,7915
512,7916
7954,7917
7960,7918
7963,7919
7966,7920
7992,7921
7997,7922
80,7923
800,7924
8000,7925
8010,7926
8015,7927
8018,7928
8021,7929
8024,7930
8029,7931
8031,7932
8040,7933
8043,7934
8053,7935
8056,7936
8058,7937
8060,7938
8069,7939
8070,7940
8071,7941
8080,7942
8083,7943
809,7944
8090,7945
8094,7946
8097,7947
8108,7948
8110,7949
8111,7950
8112,7951
8118,7952
8123,7953
8126,7954
8129,7955
8134,7956
8141,7957
8143,7958
8147,7959
815,7960
8152,7961
8154,7962
8156,7963
8160,7964
8164,7965
8168,7966
817,7967
8172,7968
8182,7969
8183,7970
819,7971
8203,7972
8214,7973
8218,7974
8223,7975
8228,7976
8237,7977
824,7978
8252,7979
826,7980
8266,7981
8283,7982
8285,7983
8298,7984
8301,7985
8306,7986
8307,7987
8309,7988
8314,7989
8317,7990
8322,7992
8324,7993
8333,7994
8334,7995
8346,7996
8347,7997
8356,7998
8357,7999
8363,8000
8364,8001
8365,8002
8376,8003
8392,8004
8401,8005
8404,8006
8413,8007
8420,8008
8421,8009
8428,8010
8431,8011
844,8012
8441,8013
845,8014
8455,8015
8457,8016
7081,8017
7087,8018
7095,8019
71,8020
7100,8021
711,8022
7117,8023
7119,8024
712,8025
7125,8026
7128,8027
7129,8028
7133,8029
7137,8030
7140,8031
7145,8032
7149,8033
715,8034
7162,8035
7167,8036
7189,8037
7206,8038
7207,8039
7210,8040
7215,8041
722,8042
7221,8043
7223,8044
7224,8045
7226,8046
7228,8047
7236,8048
724,8049
7241,8050
7243,8051
7248,8052
7256,8053
726,8054
7264,8055
7265,8056
7283,8057
7284,8058
7288,8059
7291,8060
7308,8061
7310,8062
7313,8063
7314,8064
7323,8065
7326,8066
733,8067
7334,8068
734,8069
7353,8070
7376,8071
738,8073
7386,8074
739,8075
7392,8076
7396,8077
7413,8078
7414,8079
742,8080
7422,8081
7432,8082
7440,8083
7441,8084
7442,8085
7448,8086
7449,8087
7451,8088
7456,8089
7457,8090
7461,8091
7465,8092
7468,8093
7480,8094
7482,8095
7486,8096
7496,8097
7499,8098
750,8099
7505,8100
7510,8101
7515,8102
7519,8103
7522,8104
7536,8105
7538,8106
754,8107
7548,8108
7551,8109
7554,8110
7562,8111
7568,8112
7575,8113
758,8114
7589,8115
7602,8116
8637,8117
8639,8118
8640,8119
5120,8120
5125,8121
8459,8122
8462,8123
8468,8124
8471,8125
8491,8126
8504,8127
8511,8128
8514,8129
8515,8130
8518,8131
5130,8132
5139,8133
5143,8134
5146,8135
5154,8136
5158,8137
5160,8138
5163,8139
5164,8140
5167,8141
8641,8142
8643,8143
8646,8144
8648,8145
8650,8146
8658,8147
8668,8148
8669,8149
8673,8150
8674,8151
8680,8152
8685,8153
5170,8154
5174,8155
5177,8156
5189,8157
5197,8158
5207,8159
521,8160
5212,8161
5214,8162
5217,8163
5218,8164
5225,8165
8522,8166
8523,8167
7614,8168
7616,8169
7620,8170
7621,8171
7623,8172
7624,8173
7642,8174
7644,8175
7646,8176
7648,8177
765,8178
7655,8179
766,8180
7663,8181
767,8182
7673,8183
7677,8184
7685,8185
7687,8186
7694,8187
7703,8188
771,8189
7718,8190
7722,8191
1452,8836
7725,8192
7726,8193
7740,8194
7741,8195
7747,8196
7758,8197
7760,8198
7763,8199
7768,8200
7801,8201
7805,8202
1453,8837
7815,8203
7818,8204
7824,8205
7829,8206
783,8207
7841,8208
7845,8209
1467,8842
7846,8210
785,8211
7851,8212
7854,8213
7856,8214
7857,8215
7865,8216
7872,8217
7873,8218
7880,8219
7884,8220
7897,8221
79,8222
7902,8223
7909,8224
791,8225
7910,8226
7913,8227
7917,8228
7919,8229
7921,8230
7924,8231
7929,8232
793,8233
7936,8234
7951,8235
7952,8236
7964,8237
7971,8238
7974,8239
798,8240
7982,8241
7988,8242
7989,8243
799,8244
7990,8245
7996,8246
8004,8247
8017,8248
8019,8249
802,8250
8027,8251
8035,8252
8036,8253
8045,8254
8048,8255
805,8256
8051,8257
8052,8258
8059,8259
806,8260
8066,8261
8067,8262
807,8263
8075,8264
8076,8265
808,8266
8081,8267
8525,8268
853,8269
8540,8270
6401,8776
8546,8271
8550,8272
8561,8273
8568,8274
8575,8275
858,8276
8583,8277
8584,8278
8585,8279
859,8280
8593,8281
8599,8282
8604,8283
8607,8284
8608,8285
8616,8286
8617,8287
8620,8288
8626,8289
8642,8290
8647,8291
865,8292
8655,8293
8659,8294
866,8295
8660,8296
8665,8297
867,8298
8683,8299
8684,8300
6407,8777
8692,8301
8695,8302
8701,8303
8719,8800
8704,8304
8711,8305
8713,8306
872,8307
8729,8308
8737,8309
8754,8310
8758,8311
8761,8312
8765,8313
8779,8314
8783,8315
8786,8316
8788,8317
8789,8318
8795,8319
8801,8320
8803,8321
8808,8322
8813,8323
8821,8324
8830,8325
8836,8326
8839,8327
884,8328
8847,8329
8853,8330
8855,8331
886,8332
887,8333
8871,8334
8876,8335
897,8336
898,8337
907,8338
91,8339
915,8340
918,8341
920,8342
924,8343
926,8344
937,8345
94,8346
940,8347
943,8348
946,8349
951,8350
952,8351
963,8352
965,8353
966,8354
968,8355
970,8356
8727,8801
976,8357
977,8358
979,8359
993,8360
1000,8361
1001,8362
1003,8363
1007,8364
1011,8365
1013,8366
1017,8367
523,8368
5235,8369
5237,8370
5238,8371
524,8372
5240,8373
5241,8374
5243,8375
525,8376
5253,8377
5262,8378
5264,8379
5265,8380
5271,8381
5272,8382
5281,8383
5282,8384
5285,8385
5286,8386
5291,8387
5296,8388
5305,8389
5313,8390
5316,8391
5320,8392
5324,8393
5325,8394
5327,8395
5331,8396
5334,8397
5342,8398
5343,8399
5349,8400
5363,8401
5375,8402
5378,8403
5382,8404
54,8405
5418,8406
542,8407
5428,8408
543,8409
5441,8410
5444,8411
5446,8412
545,8413
5452,8414
5460,8415
5463,8416
5465,8417
5470,8418
5472,8419
5486,8420
5488,8421
5493,8422
5495,8423
5496,8424
550,8425
5506,8426
5514,8427
5516,8428
5520,8429
5522,8430
5526,8431
5533,8432
5544,8433
5548,8434
555,8435
5554,8436
5558,8437
5560,8438
5562,8439
5577,8440
5580,8441
5582,8442
5584,8443
5591,8444
5594,8445
56,8446
560,8447
5602,8448
5606,8449
5607,8450
5615,8451
5625,8452
5627,8453
5633,8454
5650,8455
5668,8456
5673,8457
5675,8458
5676,8459
5686,8460
5691,8461
5693,8462
57,8463
5708,8464
571,8465
5730,8466
5732,8467
1027,8468
1033,8469
5736,8470
5740,8471
5744,8472
1037,8473
1038,8474
1039,8475
5745,8476
5748,8477
5755,8478
576,8479
5767,8480
5778,8481
579,8482
5794,8483
5801,8484
5802,8485
8089,8486
8095,8487
8099,8488
8114,8489
8116,8490
8138,8491
814,8492
8140,8493
8144,8494
8155,8495
1066,8496
1082,8497
1085,8498
1088,8499
1090,8500
110,8501
1118,8502
1122,8503
1124,8504
1128,8505
5807,8506
5808,8507
5819,8508
5829,8509
5832,8510
5833,8511
5845,8512
5848,8513
5853,8514
5856,8515
1138,8516
1142,8517
1145,8518
1147,8519
115,8520
1157,8521
1158,8522
1168,8523
117,8524
1170,8525
8175,8526
8181,8527
8185,8528
8187,8529
8194,8530
8195,8531
8196,8532
8198,8533
8200,8534
8204,8535
8225,8536
8230,8537
5859,8538
5866,8539
5868,8540
5880,8541
5884,8542
589,8543
5898,8544
5903,8545
5904,8546
5909,8547
1173,8548
1182,8549
1189,8550
1190,8551
1192,8552
1199,8553
1203,8554
1205,8555
1211,8556
1214,8557
8734,8802
1219,8558
1223,8559
1224,8560
1227,8561
1229,8562
123,8563
1230,8564
1239,8565
124,8566
1241,8567
8231,8568
8248,8569
8250,8570
8260,8571
8262,8572
8264,8573
8268,8574
8269,8575
8271,8576
8272,8577
8288,8578
8291,8579
8292,8580
8293,8581
8295,8582
8297,8583
83,8584
8304,8585
8316,8586
8319,8587
8336,8588
8342,8589
8355,8590
836,8591
8360,8592
8369,8593
837,8594
8374,8595
8375,8596
8385,8597
8387,8598
8388,8599
8395,8600
8400,8601
8402,8602
8406,8603
8407,8604
8408,8605
8410,8606
8411,8607
8412,8608
8415,8609
8418,8610
8424,8611
8427,8612
8434,8613
8437,8614
8438,8615
8445,8616
8447,8617
8454,8618
8467,8619
8476,8620
8484,8621
8488,8622
8489,8623
8496,8624
85,8625
850,8626
8509,8627
8512,8628
8527,8629
8530,8630
8534,8631
8536,8632
8541,8633
8542,8634
8545,8635
8551,8636
8555,8637
856,8638
8560,8639
8566,8640
8567,8641
8574,8642
8578,8643
8586,8644
8589,8645
8591,8646
8592,8647
8598,8648
8601,8649
8603,8650
8605,8651
861,8652
8630,8653
8649,8654
8652,8655
8654,8656
8662,8657
8666,8658
8678,8659
8681,8660
8686,8661
8687,8662
8691,8663
8698,8664
8700,8665
8706,8666
8715,8667
1244,8668
1247,8669
125,8670
1252,8671
1255,8672
1261,8673
1263,8674
1265,8675
1275,8676
1279,8677
5916,8678
5918,8679
5923,8680
5928,8681
5937,8682
5939,8683
5942,8684
5945,8685
5963,8686
5967,8687
597,8688
5973,8689
5977,8690
5984,8691
5988,8692
599,8693
5997,8694
5999,8695
60,8696
600,8697
6000,8698
6001,8699
6002,8700
6003,8701
6005,8702
6006,8703
6011,8704
6017,8705
6022,8706
6024,8707
6034,8708
6039,8709
604,8710
6041,8711
6043,8712
6044,8713
6057,8714
6059,8715
6063,8716
6067,8717
607,8718
6072,8719
6074,8720
6076,8721
6078,8722
6080,8723
6082,8724
6095,8725
6104,8726
6116,8727
6122,8728
6126,8729
6133,8730
6137,8731
6140,8732
6143,8733
6149,8734
6157,8735
6167,8736
6169,8737
6176,8738
6177,8739
6184,8740
6206,8741
623,8742
6232,8743
6236,8744
1468,8843
6258,8745
6261,8746
6268,8747
6272,8748
6273,8749
6276,8750
6284,8751
6294,8752
630,8753
6300,8754
6313,8755
6315,8756
6325,8757
6327,8758
6329,8759
6336,8760
6339,8761
6350,8762
6355,8763
6356,8764
6357,8765
6360,8766
6361,8767
874,8803
6362,8768
6363,8769
6364,8770
6366,8771
637,8772
6385,8773
6387,8774
6393,8775
7986,612
222,1601
3789,3663
7062,5940
4447,6374
6439,8782
644,8783
6445,8784
6457,8786
6461,8787
6471,8788
1280,8789
1281,8790
1283,8791
1295,8792
13,8793
1318,8796
1322,8797
8717,8798
8718,8799
8745,8805
8747,8806
8759,8807
8762,8808
1327,8812
1330,8813
1338,8814
1352,8815
1367,8816
1383,8817
1394,8818
1396,8819
1399,8820
1407,8821
1408,8822
141,8823
1410,8824
1413,8825
1416,8826
1417,8827
1430,8831
1434,8832
1439,8833
1442,8834
1455,8838
1459,8839
1464,8840
1466,8841
1475,8844
1478,8845
1484,8846
1489,8847
1506,8849
1510,8850
1517,8851
1519,8852
153,8854
1530,8855
1532,8856
1544,8857
156,8860
1571,8861
1575,8862
1580,8863
1588,8865
1593,8866
1596,8867
1601,8868
1604,8870
1605,8871
161,8872
1615,8873
162,8875
1624,8876
1627,8877
1629,8878
1643,8879
1647,8880
1654,8881
1655,8882
1657,8883
1660,8884
1667,8885
167,8886
